4485
651 1695
1611 9358
8664 10008
8827 3272
5055 1354
9847 5364
1853 8773
6230 2926
2588 5221
6568 9714
3498 8314
947 9062
6393 2744
311 8573
5525 4599
330 8015
1879 6402
5956 7986
726 7752
6026 6684
418 8050
4348 9416
8441 4910
1052 8293
6971 7598
1489 6690
1490 9195
8387 7774
5489 2098
9955 3432
101 7158
2478 5753
8478 9869
2575 9996
616 450
3321 9387
6876 3186
1201 6289
5751 561
778 808
8727 648
4015 4216
9741 1337
1235 5365
1790 7123
6941 4154
348 8351
1092 9990
4936 7880
3745 8266
5928 4983
724 5922
7121 1335
2031 1507
4586 930
8830 9983
4221 434
7833 8637
4934 6479
932 3493
776 1726
7030 1541
8010 3654
1048 9996
9508 417
3644 8065
6143 6969
8338 2326
337 1251
2169 8455
8581 1776
565 3070
9044 8139
340 9604
7573 3205
7187 9833
9875 2246
3350 8800
5858 6390
30 2000
2354 8942
6585 5240
1799 4394
5465 643
9464 1355
9822 2859
8730 6691
1474 1596
5228 9127
7301 945
8239 7112
6187 3517
5687 3727
9174 6954
1318 8628
9499 5533
141 3
6056 2553
3548 4026
9735 7139
2068 7004
7826 1071
7080 758
6244 1278
1300 2972
879 9842
7627 8863
9699 2459
1324 9094
4193 6703
127 7537
1895 1569
5997 4405
8420 3352
7602 5922
9767 1329
9511 4998
3696 862
3045 4182
7850 3854
3198 1663
3411 3061
1999 6958
483 3302
4567 9984
6466 2047
6330 9061
3473 5334
7709 2571
1941 3357
267 5229
7958 6993
7781 4562
5074 1534
4357 7707
290 7066
2376 8639
9128 8014
5949 4142
7838 4172
1441 439
470 1178
5850 6964
6004 2566
4077 3676
2300 3407
6197 8607
9520 3875
6633 4575
8777 3825
6104 842
5877 2871
446 9725
5114 8978
5938 2780
1086 1940
5414 8732
8108 5598
5676 8319
2285 1449
5855 2018
7082 9463
7372 7799
1613 8712
2281 8117
4475 1790
4420 3691
637 1991
7294 7692
7666 828
4959 6744
1566 2236
3661 2740
8633 6446
5632 3483
1621 5232
5721 1571
9462 9847
4100 582
1510 1480
5631 9721
1041 6408
5554 1417
4399 6622
186 6774
3178 8112
636 7723
8882 4898
2584 1853
1443 2717
1109 6133
1595 6844
7366 2296
9073 739
6803 2584
8428 941
1299 1787
7476 9227
3108 707
9781 4958
169 3599
2726 5914
6180 7978
8176 5775
5053 3311
2401 3063
2147 5015
5347 7969
9150 4760
2935 3459
1454 8178
1649 48
3137 8212
137 6911
7219 6076
8628 6696
4735 1734
4759 1729
343 5801
1098 6733
8610 341
2944 6708
2549 392
5234 3561
5904 2779
941 8940
9633 6826
9728 512
4183 7037
7355 3043
7166 2580
1083 2999
6051 8944
6916 2699
2021 2786
7609 6587
4527 8592
6439 5251
759 7633
1910 8282
6209 788
9431 8704
240 4041
6724 2789
6691 1470
7536 7267
6019 4077
2856 1057
24 2631
2423 9276
8398 5626
1377 163
565 603
8167 5420
9012 836
4326 33
6043 1944
4843 3923
3277 8636
482 6081
6645 3450
8299 6113
6956 6763
8864 2272
1784 7176
6450 1539
1276 9770
1671 1049
6426 5898
3533 6315
1404 9247
5174 2775
5128 6333
3776 3630
3338 9969
9887 8336
7449 7301
108 1241
3245 8338
9573 1316
5651 3846
6060 4726
9019 1223
4228 7038
991 3621
5352 2145
3128 8093
5441 117
6922 9174
4737 1956
3342 701
4793 1714
762 7014
8119 2168
9224 1594
6484 7092
2409 867
1189 9154
1831 6592
3072 9192
2387 4406
1067 7728
2176 5931
9878 6236
2287 1670
8149 5427
4516 1347
654 4412
5680 5312
9355 776
3826 5381
7597 9970
4810 3394
3704 253
5546 8475
6001 57
6982 1270
2803 4754
6667 1874
1501 2235
5842 187
7295 8403
9990 8433
4881 3345
5003 7323
991 4073
4333 1809
6449 6334
2051 6236
104 5871
4267 4578
6347 9169
4023 4179
7324 5532
269 5606
7127 2523
1382 8010
7385 4891
6655 1767
4946 2397
8025 7832
7615 6908
3576 3586
7613 1327
2556 5665
7042 1657
4956 1386
1206 6545
3779 4541
1509 9265
9533 2825
1810 8449
9213 2592
3747 9503
1527 1762
4830 3256
5968 5822
213 1034
4503 3961
9412 4312
1206 3095
3055 5681
1934 5946
1447 3728
2975 6178
4191 1201
3789 7083
7145 1886
8804 5627
905 3727
1726 2102
9540 25
6539 4477
8162 1551
2891 9497
5719 3381
2101 8675
4106 3831
5112 5850
6213 6472
3018 9841
4297 8064
729 7940
4768 8968
1589 6650
3504 5143
2670 1567
9619 4634
2107 9386
7234 441
7370 7298
2381 9922
8544 4927
6266 4396
5424 2003
2925 6529
9058 3198
2688 5322
2659 5534
8310 10001
2752 1189
6310 5478
7153 5923
4850 8677
590 306
6094 3023
4859 3261
2591 4984
3025 4067
4788 8040
8456 8620
5523 4407
2690 873
4883 9919
2925 565
6932 8590
9401 9938
533 7057
1733 7807
572 7031
2779 3973
2582 1511
2398 8375
8769 187
4543 7029
2326 5999
2613 7713
3474 2097
222 1674
1985 4824
4984 9781
827 2555
5102 2263
7539 1839
4898 8635
5888 8804
7730 9487
7414 8725
9872 6906
1600 1363
1270 9876
1655 6438
105 83
19 3076
4420 4072
8834 7212
5125 7720
1224 264
2658 5459
1506 2385
6153 5854
5428 6363
6433 4673
3193 7098
9977 9177
5573 8556
607 124
7477 824
5031 7113
2159 9566
4508 6206
3093 283
5220 4987
3093 5242
4065 2768
375 3624
5114 2007
3069 6310
9104 9788
7218 6944
3738 3318
3421 9603
6422 462
1860 7563
9791 5235
2435 7049
8936 403
7127 8713
2708 5
9699 6069
7790 5332
4926 5601
6980 5678
5510 9455
2407 4717
4141 3673
9563 3520
1661 2041
4508 9543
4299 2865
2352 9689
4421 715
2602 8687
647 5921
9677 9983
2574 1022
8768 5736
3320 8005
7044 8734
3190 4405
2242 8107
8772 2352
1394 1778
9628 2173
7153 3871
6183 3570
8088 8988
8180 9043
2378 4494
5328 6805
9231 7179
2519 1671
9351 763
5658 1103
6176 866
3060 2212
6433 6446
2338 1361
8799 6138
8595 9558
3097 8725
9036 662
3369 2217
2052 1949
4322 3705
191 2295
7336 9931
5862 1046
7421 9621
2149 301
820 7836
4879 1722
6535 2228
4435 3257
1394 5191
2674 7963
302 1736
6293 2995
1971 3571
2695 879
8233 1845
4425 246
52 9850
4478 936
1004 8407
2204 3367
7541 3183
2160 1468
3316 5828
1074 6652
7159 8110
2476 5393
8678 7514
1526 2729
3231 4194
7766 3270
3103 436
9109 6364
1768 6381
2220 79
1880 174
8090 440
5706 1990
2186 6004
6763 6323
2948 4322
1394 79
4151 385
4569 4820
231 3471
2053 2129
1408 8041
2630 1609
9984 1441
6954 5011
8498 7765
8284 9458
6712 2267
3023 8953
519 8616
3311 2467
9068 2380
7754 4149
341 5710
8103 2109
8025 2142
720 9667
3346 5588
4228 6217
178 8694
177 1778
977 4737
7647 5878
4181 6491
4563 245
3750 1339
4094 5429
9417 3844
9959 2097
9261 2854
6785 4765
2423 785
5298 1424
4305 2331
9055 7508
2974 9146
9828 6036
1125 5993
9367 3290
4937 1328
3696 2651
6751 7721
3970 7818
6850 5046
7319 8091
5582 7555
9143 5091
1100 8358
996 831
1505 6178
5665 7465
801 3487
3397 7681
4143 2515
9297 9745
7127 136
3906 743
3620 5
1534 9182
4350 9233
1986 7775
9567 8800
5629 9598
6377 7113
2300 1854
7736 9235
6376 5939
8980 5737
4950 9919
779 4054
7031 5662
1753 8647
6985 5153
8556 4709
5539 8736
4083 7493
6226 4640
5207 9810
3183 9920
9744 1703
2842 1762
4045 1414
2689 4244
1978 4068
5885 6514
2824 4561
9583 5695
1761 4941
9353 9796
7696 1577
2985 2621
5602 6040
3321 2739
270 7076
7951 3687
1023 3699
35 5658
3474 7823
2594 623
1698 7254
446 7278
1279 1270
2211 1403
2936 7728
8476 6411
7278 9142
2833 1189
5850 6201
1211 4895
5346 4046
8003 6420
3785 3442
8678 7404
6398 1320
8753 255
141 1900
5736 2565
9983 8381
351 4033
7525 5328
4662 51
2757 5584
3241 9924
6428 1673
1610 6278
225 2916
2421 5070
4424 5457
9113 3222
5150 6301
2071 714
1239 1545
9874 7851
1023 3338
7694 9009
3352 3932
8334 1806
7895 6926
8845 267
6327 1286
8133 3568
3018 1892
7717 3538
6741 9385
7279 3589
7629 1330
906 8308
9049 297
2882 2813
1239 7843
2580 8687
4719 2101
5462 3314
4711 6124
6205 1587
1924 1704
5418 8551
98 660
1366 5388
6451 5439
9220 4059
2740 3760
7334 1720
6794 1914
8593 2258
2046 2306
7132 5097
8773 3519
2143 4047
1743 4886
8379 9211
8802 1977
968 1750
1614 7666
86 8378
3927 6234
3802 748
3169 9668
5353 9347
7851 733
8167 4273
4098 449
2639 7206
7310 6976
5520 2243
3076 3669
4873 9062
8105 3533
9662 1555
5997 2806
2523 2658
2408 4011
5491 8564
9877 8404
5462 990
5705 3482
5626 238
1803 8406
5099 8162
4057 6375
79 3980
6549 1675
4420 332
7452 5650
110 6900
5425 4765
6525 9868
1578 1606
4303 198
2092 1750
4617 6173
295 1989
3300 9389
2394 89
1486 3517
5607 738
3182 5888
1013 6862
7684 103
4579 5456
5624 5477
3112 3680
3674 1268
6722 4237
368 6229
8321 9315
1718 1302
4436 5007
3623 9691
2328 3678
734 3034
7725 4217
7738 3363
899 1379
9062 9638
7360 4253
5033 87
559 5719
7512 7842
9562 2222
6668 1417
9840 345
2144 2487
5571 62
4599 6963
3614 1528
977 653
6304 577
2226 9651
2583 6164
4895 4368
2828 2137
2766 2308
5766 8520
8033 1974
7423 3746
1725 188
4434 1950
7739 6
5815 8884
1599 318
2019 6564
4085 5471
9167 6940
2524 1258
5260 5391
737 9441
8178 7912
8835 6056
6794 1198
4444 5768
6823 3893
9682 8462
8196 6363
5013 1089
4670 1004
1047 2178
8873 8644
3866 2545
6983 7300
2795 2564
9150 207
3148 6894
5220 1883
7857 2223
6420 8915
5168 3689
1657 8339
9267 7225
5474 886
1494 2620
3559 3859
2202 5513
4706 3640
3341 4837
9624 784
2783 6691
8227 7786
6084 2982
7718 3095
5516 8612
4763 995
7827 8958
492 7863
3015 6266
7135 9807
9396 5681
9509 1755
1689 6593
5637 8931
4738 6748
4329 9862
9608 7322
4756 6745
7245 9103
5009 9366
7600 4494
6648 2829
1032 4430
4747 2896
837 446
2313 6113
7368 1014
495 9610
1710 2250
8788 601
4015 2347
8495 1121
5940 5978
4770 4479
3534 5350
157 2668
8195 9742
4233 1255
6311 8133
2279 4468
8212 6156
1187 1576
7829 3579
8350 7426
2779 2632
2294 6268
9084 7183
1399 4535
49 2945
2573 7129
1070 4248
4565 2864
8763 2016
1651 1873
7950 1313
1090 5967
3431 9379
4949 2179
7863 708
3087 7613
5511 1167
812 9518
7043 4646
7020 4202
309 3612
6243 5035
2443 2503
8801 372
3598 522
5856 9032
393 5865
9307 5904
398 341
5804 4440
1019 3957
3101 7684
3353 9127
9069 8168
1478 6880
9421 295
3392 4858
4863 1830
4912 3759
5357 9808
789 6807
3011 8544
9117 9638
4213 2433
370 4394
4255 1823
73 9059
1416 260
2607 9264
3730 6055
2453 2938
4599 2640
3337 3189
3083 5367
4001 1317
2332 9071
7584 1164
2118 7724
1480 8363
517 7042
5650 2884
7303 6561
4259 4143
7521 3105
5142 3969
7057 5761
1957 4295
1423 3425
2498 2090
2042 2228
9926 8162
7015 5737
2250 1753
5930 7160
4109 3764
3046 833
5900 5010
217 9612
9279 1555
9217 6331
5660 9889
2295 6818
3930 9346
2472 2695
598 1931
1166 5029
2079 3237
4058 7964
1402 7
944 7124
59 5449
8537 7329
9107 8731
3853 680
5507 564
759 5173
8977 5989
3744 9300
569 5197
8654 5617
1144 7327
3645 581
9108 8869
5533 8071
3532 669
9243 5695
8890 1728
1107 591
3343 4354
992 982
9816 7371
9298 5461
935 33
6710 220
1501 6858
40 6991
2268 7969
940 7208
604 7866
8153 4438
910 1775
2090 639
4797 3334
9571 7111
9552 3713
4528 7725
38 556
1107 9931
2044 7621
246 9913
7342 769
6879 4941
414 9599
5562 3736
887 3664
3280 5098
450 1926
879 3011
5755 5180
7346 5713
6946 9196
3826 5056
4206 198
5385 9156
3830 344
8999 5603
6112 326
8552 4507
6671 1242
1011 1446
3456 1162
2421 449
106 285
8949 8071
8923 1849
742 3099
2134 998
2022 7690
1305 3285
3201 8842
5195 405
1313 5106
9588 1313
7326 8577
8620 7049
1843 9425
5550 2185
8997 1491
7943 9328
2431 7083
656 4866
5262 8352
30 2654
7809 7278
9563 9210
3044 9801
611 543
2084 5906
3257 8245
117 5138
8493 9900
9095 3680
9087 5487
3795 6123
2100 7532
1256 2808
3820 9941
3769 5647
5655 3701
876 1485
6377 6078
8052 2482
141 9544
3523 8767
7321 8023
3044 7319
4089 3249
1127 6273
9719 6751
5032 2819
4543 1228
6360 9500
444 2438
6542 4298
6852 1509
1974 9480
1118 9895
6002 3414
6677 3994
2543 5926
1145 7232
7799 600
8798 3873
3780 712
2300 4062
2815 5193
6367 50
2423 4653
4532 1949
8502 1457
2517 9502
1054 9140
4157 5362
2081 539
3199 3819
1618 8388
7875 6648
7997 2873
3346 6353
201 2021
8186 6978
7399 9220
5190 4186
6971 2750
3798 3182
1956 1192
721 1626
5430 9855
517 9612
1600 5139
1021 4953
8775 8621
2551 1238
1912 8062
2273 1302
5531 1208
3362 1966
930 3250
3268 9855
6730 7013
7920 2304
1155 885
1513 2439
4361 4275
1722 1201
1784 8124
8827 1160
3982 5111
6731 5652
2487 8792
9271 2653
4965 779
4856 5187
8457 3507
1165 1090
3995 3920
286 6956
455 4833
8636 7037
2676 4758
8489 1130
1778 986
3575 6786
55 565
1139 4181
2773 6490
7262 4884
206 4720
7085 2439
1427 4046
9560 8006
288 9670
9006 2626
1609 639
5063 2010
8964 4183
5256 7305
3593 4894
5109 4913
824 9187
3007 8068
479 9498
8360 299
9469 279
2733 1002
4199 5836
4669 1220
4484 8235
3132 6298
8293 103
1166 3598
7344 2391
1163 1817
3889 6095
6082 6483
9345 2941
4219 10003
7986 1248
1172 10001
1000 1686
6445 551
5754 425
5593 1964
134 3294
1914 4590
1553 1067
7418 2259
1181 2502
4556 6457
1247 8707
9262 5717
6003 9008
7672 7815
5032 322
3494 2867
9604 9166
7519 2221
9741 4497
6982 7480
899 4547
7381 8339
7130 5550
2571 818
6672 1848
2025 7181
4386 9216
8453 7412
3174 5060
8194 8068
6044 5867
2345 6603
3780 4408
6265 6815
7189 1616
853 2827
9660 416
1687 8029
8119 8888
8259 8142
6472 9255
3066 9628
6663 6493
2097 9655
1513 7554
9832 2449
80 1191
3926 1226
4895 5151
4938 7528
1058 1424
286 9132
2086 830
3497 8354
2280 6057
6180 6368
1544 4061
2691 6356
3359 10004
2430 3826
2697 7142
353 4125
6355 2952
8209 2821
6254 6063
2258 9028
4443 7733
8459 8047
5864 4453
7924 6403
7521 7166
6370 8228
6622 2593
594 9610
5365 8839
830 1889
3952 3228
4971 8648
5965 163
9798 6222
1242 2354
6164 2901
7808 4923
8631 9081
8721 8694
6546 725
895 7423
8959 9736
1957 2644
5686 3065
10010 9955
7945 1829
1734 3975
7128 285
7423 4237
7078 1352
9766 8941
1042 420
3541 2510
2389 3227
4886 2439
2899 2284
2358 9893
9647 199
4332 8024
3323 94
4737 2674
3555 6727
8063 9019
4955 3949
6622 1680
334 8726
2706 8517
8729 7046
1433 2386
1437 6597
6893 6084
9732 3487
3757 7278
1500 6788
8794 1269
8101 3723
1671 8726
3992 5686
5955 1256
5799 7772
4114 9610
3648 7588
9287 3483
3807 615
5931 1549
5774 8575
1007 530
756 9152
1600 7406
1389 2655
1406 3700
1050 3900
314 3118
197 1119
2209 571
730 2291
5110 9286
8445 5039
2437 2254
6526 466
1582 2120
18 4586
4549 1871
2621 8282
2533 8684
790 1557
9293 3561
5188 2043
4827 7811
5970 8752
4647 5577
41 465
2200 2572
1721 1470
8897 1987
9901 8320
2153 1328
5339 5161
356 8519
1994 9560
5110 9162
9511 3269
546 9654
9967 1972
6751 2577
6130 2097
9366 885
8698 6706
2645 1928
606 575
5439 4057
7095 7341
4250 8797
2029 9591
525 1292
1177 5854
5275 2000
7430 2655
4339 7714
1311 4439
2285 6868
144 747
3478 5355
2639 2334
3821 1234
518 6612
830 371
5024 3118
6403 1965
1456 7719
9962 7065
8008 9715
6371 2759
29 620
3557 9513
7125 7121
2300 6162
8543 2099
7889 1089
9796 1104
5025 3169
9727 4384
2125 2546
7069 8176
1794 695
548 9973
32 1411
4977 594
9127 297
5638 1369
6665 8286
1733 4625
7781 7393
1912 9591
1746 7181
4519 2745
206 1844
6577 4752
1916 5458
1274 3735
6484 9949
6347 7325
3185 5960
3810 9452
710 7666
8131 9672
5868 551
5977 5766
1617 802
993 7205
5266 8699
3142 324
3457 7442
2284 9133
9304 8205
3976 1653
5694 2507
5979 9536
7380 1990
2691 5061
9394 8477
1493 834
4407 5268
8078 9016
4124 9040
7551 2246
2383 2208
5719 173
765 4290
9111 9495
1647 3155
1633 2503
2047 842
7636 1433
7075 1350
6283 4967
4372 1470
5309 1714
6545 9174
1796 2504
237 9831
7969 5320
5349 7572
4239 1023
1000 2803
3916 3850
106 2383
1723 1046
2832 2520
6867 1177
5023 94
1170 6363
3219 7786
9241 6026
7561 3227
8329 1314
5049 3297
9699 7575
4683 4303
9914 4003
6739 288
1908 8054
6845 3023
918 9935
8187 5689
2060 8412
7741 290
437 6106
9944 900
1256 1719
1018 9898
5301 9248
5543 4693
274 7999
141 2485
397 6233
8881 6444
1118 3961
9565 97
5109 505
4688 8144
2663 9660
4545 8231
9103 2516
8664 7661
9466 1857
4263 7629
6847 7956
3374 9839
7372 4345
4308 1879
7131 2700
7517 7004
2416 1285
2469 978
2110 1080
1796 51
5476 5695
9474 8935
3156 9066
8175 1771
7503 8267
8374 6372
6287 569
321 1451
2395 7680
6241 53
1644 7136
127 9160
6780 8506
5336 2715
757 5086
883 4929
135 2387
1144 710
3310 7921
7388 2095
9143 576
7248 7556
8895 9905
5563 7404
5958 1398
553 4269
1044 5648
1601 3408
3483 6432
7145 3844
7297 1936
708 428
1873 4378
5654 1571
9461 3671
7137 5324
6451 1758
4022 1345
928 5660
4703 8850
5155 3171
8379 5052
2564 1289
1455 2645
4660 139
9704 3439
8956 1669
7430 7558
8745 1385
6406 2785
2491 7845
2907 524
8875 5318
7389 1203
6090 1771
8968 1125
1731 2999
6360 7157
1701 4051
3877 4871
5271 7071
8572 7537
4918 4835
1836 9674
1631 9187
6049 7112
729 6140
318 1897
6892 8064
9786 262
9051 1829
1476 174
5748 9669
7669 1340
1375 8106
434 454
3115 660
3072 8172
841 5321
9415 9794
9766 6823
5520 6048
6225 6678
6911 1476
8365 97
1934 7681
9169 6354
2772 7040
7353 2503
3744 2595
2767 7293
100 4905
8844 4956
8093 1600
4331 5746
2992 1512
6964 3927
4040 2583
215 9033
325 3685
3976 4848
5610 1337
6808 2785
8033 5131
2270 8699
4328 9179
7207 2387
3760 1551
5922 10006
4985 7377
6710 5658
2832 823
8125 688
7332 5725
442 2436
7432 2582
2739 797
1778 5164
7011 8255
9822 253
1817 4174
2907 812
4279 1103
2416 8872
6151 6423
3416 9240
1248 4272
1091 8825
5495 3332
9393 1411
6576 5812
645 5558
6496 699
8785 6
1279 1320
2626 8812
4664 5447
6741 4214
8269 810
1742 2211
8689 2663
1326 9694
7710 7738
60 1702
2376 5905
9780 6152
2005 9520
1612 9640
4449 6919
4167 17
7614 5718
1076 6814
521 4106
5885 9345
9911 340
9329 3013
8264 3217
3157 2717
5028 9129
3954 8073
6708 5753
5 3378
7565 6321
6612 6965
6862 571
6526 6290
5919 3872
4445 8156
1015 5993
2376 2172
6417 929
8346 6873
5184 8600
1628 5587
1370 5712
7102 4353
4719 8999
1691 2557
2319 3187
4777 4797
4087 8850
5453 3180
5334 627
9393 9095
7013 9301
8338 5654
6953 742
5695 9971
2600 1672
7763 5240
4110 7173
5757 2110
966 1369
8399 1893
7313 9494
4442 8250
6597 8521
6113 6555
5991 7768
4491 3739
8537 8252
2357 1455
7143 2142
3872 858
1026 9574
6317 6435
7080 103
6306 2542
1903 2863
1022 3811
5497 575
4060 2064
3154 3352
146 999
5432 1238
1196 5856
9400 368
6822 4549
1818 4422
7296 5976
4763 9020
3090 6350
580 9859
9788 7437
5024 8550
5199 6746
6320 2419
4004 6125
8120 6743
7510 5348
2201 9435
7409 2511
8044 1021
6901 9578
2294 9276
5025 1357
5468 5523
4908 9973
9622 2343
6415 941
651 9527
6609 7878
2948 6972
4775 8140
455 3571
9148 1677
9535 9431
6605 2228
1219 1590
7009 1715
1815 7116
6262 3662
4909 624
6868 9235
160 6780
4748 6886
1972 4728
171 1337
3243 1313
1522 935
7477 6567
2512 9054
7106 6199
1461 2311
1265 9506
7111 387
99 6242
2114 9175
5904 963
563 4821
152 209
9795 2380
4993 9138
3643 9087
1521 6749
6804 7010
4762 1736
5155 7045
8359 3434
2054 4241
606 1789
8194 3746
3346 3666
3832 2018
1362 9211
3159 6175
9471 3914
3933 4211
8566 1002
3980 2729
8590 1476
2333 6673
2554 2937
3830 4937
1391 7237
5837 78
4519 2486
4999 1418
9686 6080
1833 8734
4316 8581
5556 1463
1697 598
2432 6999
7110 3704
3706 9934
4431 7931
2714 8109
2133 5516
6332 2547
794 5148
7653 4280
1100 5230
3299 9067
3711 7092
9416 3667
6090 2871
6951 358
9680 865
4260 5004
7896 9367
9109 9807
3737 3641
7194 9140
2146 7179
5996 3917
349 9873
4266 9136
9524 2427
9893 3800
9256 9984
1764 841
847 4657
292 1268
5412 4034
3975 347
8292 3403
2000 4749
9458 4898
2396 5432
9555 4401
9927 7297
7587 2810
2575 3839
816 2530
4369 4251
9323 2222
1497 2121
2875 1584
6842 4085
135 6350
800 3005
3971 6357
3464 6865
6465 369
1421 2308
8672 4229
8974 8744
1951 7799
8665 929
9842 6343
1048 7776
664 8237
5864 7219
4750 4617
1578 1971
1556 9201
5885 2582
721 7506
98 8778
4332 2939
8426 8413
4871 4265
2281 6740
7606 8310
4191 2576
6040 691
4325 470
7471 4816
2232 5480
6424 733
539 7795
6578 2690
478 1070
2638 3968
9559 61
3625 5140
1258 6543
896 2676
7297 309
4206 6554
7296 6064
7202 1195
5073 7213
2150 7508
7180 1382
6157 229
770 4940
1303 6613
7791 3788
8446 1636
473 3599
4116 6442
667 5572
5067 9143
7932 2707
8852 7148
8955 6521
6674 5817
2463 1580
1829 6975
113 7257
5051 5753
2134 1030
1066 3135
1107 5688
7905 6026
8028 6458
7521 506
9304 1273
1258 202
3665 8653
5084 4363
2067 1460
7912 1278
9436 4149
2822 5351
2396 7792
7050 1439
9200 5173
7661 3169
8424 6842
890 9617
164 4460
2014 3415
7190 1810
6212 2150
7746 3401
5678 6681
9686 3522
7208 2152
4453 8744
5183 4437
16 65
6193 2016
3860 2465
9340 17
2338 9703
2863 7246
8638 2183
5005 5423
9034 1389
4009 8135
7157 1919
7130 6764
3999 441
3693 1766
2503 7938
900 5698
9114 1760
7572 17
2739 6777
9047 3926
145 7303
2101 9802
6177 5688
343 985
9653 8404
9804 2806
4446 7913
3346 2417
99 2349
4817 3073
6853 8535
8460 2052
7715 2912
901 6764
9798 8912
718 9325
9256 9596
4267 8715
2032 7036
3848 4240
3046 9076
6091 8672
3190 5613
6516 7449
2251 4481
8124 8741
4511 598
5513 8842
1261 5950
4228 8648
932 7487
5729 3034
8975 7105
1523 8731
5542 9781
5054 1703
6098 4758
6437 1499
6189 8964
3482 3511
304 9929
1252 5571
8062 3911
1687 2831
5329 8412
8417 836
4908 3541
3680 3369
6025 5482
5217 7886
7987 1679
5445 5902
312 1922
1756 3130
3580 7899
312 3744
571 4147
2915 7368
3825 1494
7608 8703
1914 2946
9908 9090
6941 8671
1612 1018
4516 12
447 2040
3469 1058
2977 9957
6417 2150
8563 468
212 1109
6815 936
9493 7738
9173 3002
1899 2408
8558 4351
1369 68
5249 6949
544 8662
7565 878
5945 6589
2449 369
9873 5913
7556 2972
7965 9406
3434 9211
3755 1516
4711 4823
867 6388
1646 1932
661 9925
6303 2838
7757 2666
3837 1282
273 8065
4234 2037
985 7979
6540 3543
6067 7512
2802 6483
3177 2743
1296 109
2885 2564
4960 9322
7736 909
7575 9641
6782 1509
9091 6884
7983 5999
3367 465
1687 169
812 5987
453 285
6346 9114
4710 5875
4306 6190
4946 9114
7169 2738
45 4656
2238 8014
8684 1770
1514 2151
3405 5215
7091 652
6362 438
8913 9759
4108 7038
219 1139
2546 2011
8345 8872
4001 7985
4107 204
3531 5065
4362 7197
8718 6944
441 1419
8770 2742
9116 8833
1988 6010
6961 8009
6392 9707
3834 8637
2407 2170
51 2860
109 1275
6370 2440
5899 1345
3463 848
3863 7768
839 4150
628 7322
871 9744
8647 7253
612 2301
2264 2151
4555 9711
1686 6182
1624 4429
5226 587
7117 7960
659 4062
5313 17
6117 7713
2835 4623
8259 4009
8352 4845
8585 5171
3098 1868
5412 1089
64 308
458 8861
2205 724
3267 3807
1337 5029
4948 3308
6470 8381
1828 1460
2895 5091
3187 277
9163 425
940 8452
509 9289
1830 5889
5895 7339
1766 656
6146 2091
8361 4609
1449 1177
6796 7955
4869 4352
2254 5566
6072 7538
431 2421
4215 4437
4878 1024
8573 1370
9030 8112
7494 2565
5211 6347
2708 1641
4126 1980
5827 1976
1488 2112
8507 9901
2586 7305
6948 6885
6120 3135
9408 8511
683 5534
2667 8146
7236 7928
6417 7493
6048 5136
4066 8565
1821 4903
733 9975
7231 8948
8938 3068
9164 85
5105 8113
8366 189
5145 4933
9263 4225
7364 1296
2389 7234
4500 4120
7332 3165
7254 5745
3884 9528
7866 3491
6751 8667
9109 7156
5003 7807
5397 6296
738 8739
3147 1248
3749 69
5346 2314
5425 7578
1838 5589
6336 3603
8794 9056
7794 4959
9370 2765
8137 906
4816 7830
2404 740
7950 2231
6033 9947
709 3144
3049 9738
8267 1680
1241 973
8068 7948
2121 671
2148 5243
1629 1315
7462 4710
3205 5725
8464 2117
7249 9523
959 4388
443 1212
2070 9387
1758 4582
8698 1146
7514 774
2548 4167
5259 3844
4864 1287
9685 701
1332 8333
6589 9430
5266 8909
8252 1160
8509 4297
7070 2481
647 2029
3544 685
5497 6030
2817 3331
514 8401
243 3781
2782 4930
4861 7476
7408 589
7648 5386
3440 5315
6894 2084
5280 2
4080 3930
8147 1251
2622 252
2860 5651
2658 6730
8710 204
9967 174
7471 6278
4729 3932
6746 9864
9252 5769
2928 4660
3859 1180
5398 3597
5629 5847
668 2419
5628 2689
2492 75
9078 197
7624 7965
9781 5646
1393 5950
3127 6959
4607 6742
9131 3373
6889 1773
9538 484
8782 120
1713 4255
2397 7513
7802 7837
1984 5649
624 2119
5880 4797
6226 7534
7797 9519
7905 2497
7000 5147
588 613
4366 2300
4426 7526
9408 7702
4222 7568
600 9657
6573 1295
1579 2838
1266 2084
3542 685
577 3851
1827 8157
4013 8046
3613 2358
1061 8365
3618 1157
4337 7760
2014 4248
2637 6018
2424 7048
9217 1721
8697 3739
3863 7759
9296 510
3087 3228
9774 901
6216 2789
343 8035
4296 1707
3625 6381
7057 8524
5839 1543
6479 8294
5669 8960
6799 7240
7831 6167
5055 1857
9850 4387
5526 8766
5606 2919
426 8267
2455 8430
8340 793
7910 9253
3583 9093
1943 2013
1945 9752
4707 8998
9254 6310
1738 6103
6429 5584
2152 129
4219 1983
21 5954
4511 9996
5283 2112
5126 9312
7185 8685
1511 3006
8397 8083
8520 3115
2794 5746
2841 9358
3216 4920
6813 9225
6759 4130
3873 2398
8429 4633
4775 2167
1711 8831
4799 8603
6817 2548
3659 854
4152 2188
4075 3305
1220 5937
4912 7319
3237 1872
5126 7079
832 3142
5241 6821
76 6583
704 9585
3393 1333
1236 1179
2020 6702
5921 3224
7908 1935
2642 5265
9154 5511
5368 2530
5963 2955
4192 2117
3170 8013
3410 455
3496 4413
6213 1268
6649 287
1317 8705
8500 1577
988 1113
900 3826
6634 1255
925 1327
5139 2721
6267 1227
286 7535
3172 1678
6962 8546
803 7789
2396 3996
9083 6411
580 9870
1496 5397
3857 1880
8903 1839
590 1910
2087 7761
8517 1562
3793 5037
2535 7609
6963 7035
2974 8438
5367 1577
1204 7250
1718 2670
6014 928
1929 3743
6609 7735
5251 5331
2961 5463
1711 1848
6739 420
1207 6613
2365 1760
7296 5237
2680 7609
8274 9374
366 7789
1516 1786
2319 4009
9809 164
6469 514
8351 5224
7189 2386
1354 4092
8832 4526
518 9214
3498 1347
2205 1798
4553 2743
479 5569
6277 2793
2802 2516
5915 5944
2551 7439
4871 7930
1779 2865
7002 6231
2881 9326
5354 6464
1580 8983
9941 8379
845 8456
9622 9983
4593 8043
2449 7831
7100 9345
3205 1090
3274 4059
1332 211
386 6994
1753 9539
1748 4867
9138 281
2977 4177
6059 4965
2323 7852
1257 6857
9224 2835
5747 3032
5252 600
4464 865
1869 1316
3488 7338
7974 4871
9390 3922
4366 2176
2326 2685
4852 8097
884 914
4341 2126
8911 749
1023 1859
8805 9502
6840 3494
2664 6035
2109 5335
2752 4474
6956 4145
4527 6937
8021 3655
3838 1867
4815 9863
3327 6360
6330 2300
5834 572
1881 5176
6369 1799
2495 5477
4107 3639
1373 277
8553 8671
7736 4105
7775 8206
8231 9186
2908 420
4648 621
2225 336
9490 1083
8893 1894
7004 6017
1293 7724
5198 6784
88 5731
2593 973
2486 1780
9722 5456
3488 1207
8463 9359
984 4889
5315 7463
820 711
131 8349
368 1629
1654 6591
528 294
7798 8324
2893 2296
4872 2808
9129 737
9079 2152
3009 8761
7952 5471
4966 9059
2526 4081
366 1583
7984 6946
9645 3095
6864 5419
2378 6794
4755 1280
1697 5880
2466 8871
2737 5734
3440 6058
2631 148
3467 2419
3027 4555
5896 3708
5120 4499
1959 7326
1227 8627
4261 2522
5384 6184
4574 3744
1587 1078
5945 7022
3224 2595
3093 601
8495 8203
2645 3512
8975 4194
146 6696
8189 9716
5321 5961
8951 5900
6149 3205
6317 3283
4133 6027
4206 16
4064 5790
1414 1242
1589 8054
6070 2263
4585 7049
1568 5885
3433 4571
6620 6415
860 449
613 6242
9941 9474
5164 8524
43 94
8459 1595
6780 8943
9656 3452
6234 7313
4511 1833
1803 82
369 9076
9224 7742
1685 9193
483 79
1442 7270
2924 7011
742 7644
7187 1145
809 5477
4201 3253
4237 132
7854 6953
4445 2228
7551 7375
1804 2561
4102 5775
9148 2319
7591 50
5044 4530
428 566
1238 530
9230 5703
14 6162
979 2106
9394 9532
3778 2167
4006 7898
4947 2675
1438 4482
4587 2861
5262 8212
9744 150
4570 3698
3116 7407
652 2541
1833 3480
1185 9643
8233 9179
902 50
9928 5860
4515 6755
462 6903
923 7146
9405 1136
3618 8927
2232 6708
7860 5977
3704 2469
1701 5475
2075 1021
1299 2604
1527 3198
6594 375
3036 628
1426 7273
3600 102
7201 137
7851 2598
119 8908
4485 1547
403 6651
2742 5123
858 6350
5670 8899
2042 6827
6310 916
8994 4641
1024 6510
9214 6414
523 1103
4309 3558
1756 6755
3106 3268
549 447
2275 5676
2681 1848
6832 3868
9419 9432
2035 8557
4506 2527
2687 247
7761 9460
3069 3730
6517 6180
6394 9242
2210 396
6882 1625
6936 97
2562 9358
576 404
3618 1439
7478 3322
4362 9177
7445 2437
4699 3301
5564 3406
2653 7902
3945 7766
4861 2759
2444 2856
4679 7270
646 8884
1168 2926
1809 1384
541 6730
8241 2045
2343 3465
2492 502
70 9003
8545 2069
5921 2787
7926 1226
2878 4288
2493 3009
1227 8842
2479 8655
729 2231
8505 7476
9304 4925
5549 6043
2150 4312
6672 9191
9474 8699
2368 5809
7491 2166
1787 5005
1057 5221
5347 2625
2629 1791
2075 4722
66 543
7696 2594
8611 39
8534 404
2604 9304
3771 9165
7147 665
1862 729
9766 1883
8210 7631
5720 5350
3638 273
4710 279
795 5694
9427 637
5996 1187
3031 9759
7423 6132
1537 5394
1811 2474
7989 6483
8587 7304
9941 9483
9918 6161
6282 211
3046 2236
330 4857
7057 1166
8809 9155
8253 916
1829 692
8598 4009
7321 2537
2942 2151
2897 4419
9535 4503
6093 2912
1286 2157
9600 9536
5212 6446
8583 1402
1879 4637
9767 4853
9638 577
9986 9007
9084 1199
356 9683
8861 2596
9365 6471
217 3229
3434 3842
1164 5142
8605 1988
604 9629
2579 1999
2264 4921
1760 4658
3429 2219
4348 7354
1811 5654
2216 8510
5670 2690
1953 4950
6811 6945
8411 7857
3476 1591
8567 8239
3582 6346
5479 7650
8059 9786
5481 8652
1150 954
4694 655
2887 9327
4567 1274
2340 8624
4199 7811
2341 9414
4635 4459
5316 5795
196 6284
1610 932
5612 6343
9214 3360
7712 769
5293 5119
4061 869
4792 9964
7262 6106
125 7201
2811 3401
67 2276
7426 3068
5368 2305
2862 8538
7348 8474
6037 1028
7267 4614
4771 5700
8790 2004
2773 8273
450 2317
1484 7931
8941 2416
364 4647
8766 8577
1602 1083
9431 8198
4411 4667
9276 3800
8501 2614
8712 2113
3699 1917
479 5656
8159 5282
7691 6866
3708 8523
8149 2260
1039 1444
2180 2128
477 3210
1596 4039
9917 1328
4936 5765
8711 8995
8741 5970
779 1791
3518 9914
2003 5718
9588 1275
2530 7388
9605 2137
4566 8659
9448 8233
7939 5442
8705 1657
3287 204
661 175
5035 781
9443 7682
345 3912
9448 3291
883 7211
3265 2856
2578 2471
7562 8375
7531 6687
3781 6280
421 4553
7368 427
4764 7246
5501 1394
29 5531
7190 1447
3458 2147
3142 9937
2190 3316
6279 8983
2836 4177
478 3472
9021 1920
1135 8021
6489 2971
2327 2817
2858 6312
1401 3274
1511 8364
9698 9567
5719 5080
8870 8301
9065 2302
4568 3606
3585 8044
3332 5903
2581 8606
5065 6626
7728 8878
1727 962
1079 5682
1973 1331
8999 7302
2990 832
90 879
9442 3142
3629 6247
2607 9041
366 1442
5069 4030
4901 9468
9387 2068
3461 6032
9760 3213
1604 553
4475 2158
4910 7570
5967 9229
4241 5111
7299 8652
9811 2017
4789 2428
811 5160
4530 709
3310 6682
8845 1616
2059 8654
8730 8755
730 2591
5601 7448
6386 7482
3723 8954
743 1025
2179 2657
3241 3345
1426 113
65 1352
2317 62
2608 2172
9955 2768
8465 2964
181 7357
217 7213
5815 5079
7049 1328
1016 4081
9745 1629
3031 2873
6973 842
6814 2900
3454 9831
8978 4642
9503 3591
3233 2937
5372 3653
655 1581
3786 3108
1707 5516
7352 3705
6098 7124
7914 1339
8214 8457
9446 6488
5164 9679
3876 2380
3413 7251
1565 1114
2715 9494
9565 1278
1573 3021
1947 4708
4924 7729
4648 2296
8868 9155
5175 2707
9707 9678
5289 3160
8537 4657
5218 8796
6620 7490
6417 645
6596 6296
4350 7068
1918 7921
907 3883
2432 5598
5280 9201
5685 8702
5589 5363
7203 3666
9187 4807
7762 2662
1259 3379
7131 9153
6884 4987
1305 5917
6930 1235
8326 8468
7802 7205
5053 8327
4332 4179
8271 6504
2991 7932
9623 4404
4009 450
7848 3240
3147 267
6076 215
8051 8237
1974 9893
3473 2047
1407 9701
2411 6657
8885 8217
8939 1599
5259 3297
8000 7333
7108 7613
63 2256
2606 8950
1973 5371
7502 2610
4604 7186
9665 6133
1565 6339
8430 2662
9594 8445
6517 5027
9997 7255
5921 3300
3066 7293
3946 2362
1992 8146
7089 1357
3447 7759
9751 613
6201 5758
230 7084
3899 6048
1793 8393
8821 4157
131 3827
3577 9582
7217 2297
8713 3969
8138 6576
3793 7310
9948 7448
3809 2001
1916 3488
2893 8743
2592 7384
784 4169
1161 5253
3348 5170
8646 1908
3236 3273
3601 3029
4815 1411
6043 9787
2259 1916
1586 2385
1199 6177
3067 9196
8318 9427
3623 7562
1921 3741
4658 6867
9035 9223
5508 9028
814 9822
4628 1278
2926 379
894 8695
959 4124
4738 1727
1735 9540
5188 182
3671 1687
5093 649
2300 7815
1587 5907
546 1841
3175 890
2549 6427
5853 855
2457 1258
6124 5284
1578 4558
8732 8855
6178 6631
4248 4799
8358 7633
8880 5453
599 4075
6989 1809
2690 5172
775 5956
8870 1805
65 8227
6687 6427
1297 3784
8191 2259
5967 2361
6609 7257
7581 3055
7433 6600
9263 2577
5246 6664
7239 4229
2416 8628
8934 6849
1055 7355
6261 1164
8934 202
986 7276
2364 435
114 2332
1667 9797
6209 631
1006 3247
5304 4154
921 3179
9131 8329
196 405
3159 3123
7832 3049
4840 9605
6369 9854
1404 1034
2879 8773
796 659
9717 3861
4352 7928
2130 8638
833 6941
2448 1483
8069 7349
5681 7013
4216 6753
1133 9563
2377 4779
2038 5615
570 3584
2235 531
2436 7420
4824 4298
3565 672
8971 8146
6153 6217
5289 3255
311 3247
5038 4240
9404 2072
9949 1996
9571 2237
7892 2646
3459 2396
8550 8794
3932 3769
1472 602
2935 3663
1676 543
2563 3789
2292 1640
501 3426
2407 6880
8845 8478
1211 3423
1141 136
7518 9012
6687 8843
7688 6066
7817 2483
9129 1062
978 7532
7955 8168
263 957
1388 2752
4807 6154
1981 567
5242 871
8524 8729
5289 2979
2604 8805
2512 2110
3216 2175
6294 2053
2404 5842
2420 9376
2048 612
7938 6432
6521 9170
9168 3792
1129 9435
1977 3574
4981 8992
3762 1374
6939 9515
2267 6806
963 9785
6500 3652
5635 7132
2839 5273
6799 5860
4371 684
1146 686
9276 8978
7627 1940
4463 7210
890 3307
2241 3330
145 5126
2309 2846
197 1424
7075 2376
7233 6357
716 4665
1628 6442
8200 5124
2047 2377
9064 5570
1268 1482
4149 584
3634 2678
2044 2282
4423 8605
225 2357
9222 3275
7235 9236
8208 9951
7992 861
5198 897
8384 1934
1836 488
5227 6119
9487 6783
9256 32
3758 151
927 9112
1571 2674
2428 5198
6493 61
9781 7267
5831 7375
5919 2301
5538 7494
5248 5828
582 8172
8255 9237
2433 6619
6006 4220
7807 5554
3285 4353
8245 8929
1713 3824
1324 2871
9916 3624
152 4879
3927 8852
8293 6466
385 5341
9608 5233
1020 7760
3768 3498
9215 9944
8833 3634
4547 7808
7649 3037
545 6609
2635 9709
544 958
6492 4801
3414 335
4974 8030
4937 4843
5023 1976
979 3980
8839 349
8497 1342
713 9143
5710 8952
1979 900
1339 6700
9766 5960
9592 8193
5890 415
7942 6413
8999 2364
180 1406
3309 4182
1523 9917
6381 5931
865 9900
5419 1516
2769 3680
8383 7924
5038 6244
1139 200
3346 394
9567 675
2726 8318
689 471
871 5728
9961 9127
290 8943
9505 1293
1623 1117
90 9983
6063 5315
2562 6144
3652 6054
2033 5059
57 573
2050 1123
2197 5333
7116 4149
5139 2232
771 758
3751 5928
7881 4677
3928 2859
7963 8804
2372 4257
1296 890
5412 8513
1769 5854
6464 1204
6153 875
3749 8536
8747 207
7804 4859
9877 1170
2087 1230
873 2708
9240 3694
8662 74
9583 6407
9602 4874
108 247
9783 3302
6079 8313
5564 5559
6675 2496
5321 822
4647 9993
6267 8
7470 4739
9955 720
1689 8958
4034 169
1927 5382
108 5164
5838 6103
6347 9186
7661 4225
9974 4207
2590 1372
2950 4383
3492 6538
6052 5456
1395 5388
3431 4565
2245 6724
6852 2360
359 539
4302 278
8385 1526
178 1207
4141 1775
1156 126
4295 5497
3702 2988
2320 5871
8510 7468
2601 5067
2245 4970
958 1206
4606 6656
5137 426
4729 6236
1890 8980
9499 6183
6142 9622
1462 74
4235 1088
2544 7616
1252 3049
197 9622
943 9584
7819 4158
8893 6770
7939 2890
3133 1756
641 3277
5599 9688
2399 6661
1111 7793
5714 7968
163 6789
3949 1480
3230 463
974 7538
8977 5541
600 3703
6985 4530
226 9835
9186 4512
3595 2386
7818 7378
7962 1979
2300 9763
8809 8547
4758 6561
79 9010
3688 4378
9549 2042
3816 1421
4271 7284
4353 5811
6179 9981
9056 7843
647 8596
6783 835
8039 1737
7747 8967
9454 10000
7662 1067
7538 9174
6073 8157
6225 6896
75 3394
7549 1701
6991 8783
2208 5724
774 3639
2843 1007
1346 9933
3205 1510
4194 2481
3777 1607
3969 7990
6309 5089
1484 8237
1367 3673
194 533
565 700
976 1771
7384 45
8381 6119
7397 470
6303 5740
1180 4501
907 7248
7582 197
7670 8587
8948 504
7647 1945
8017 1988
1870 47
1419 9576
8805 7712
6050 44
2705 1643
7661 1778
4659 4855
1646 5164
9986 8487
6427 5049
7613 1333
1737 479
8121 9740
834 2059
5497 6177
7805 8705
7052 5002
5252 6756
2699 2433
3879 4232
8055 7549
9853 3978
2609 4234
2356 7642
2813 5179
6667 571
9637 2512
2886 9671
200 3467
9630 5012
4356 2028
2668 171
778 1217
7811 2967
3766 7108
6304 5834
6274 5468
4606 4311
9122 2265
655 4492
5010 3326
6448 1378
9797 8925
1034 1069
3261 2444
1919 7746
6632 1439
2426 7384
4246 1042
1430 1069
6708 5616
6580 1644
5839 3804
2711 2822
2105 260
504 1062
5979 94
432 145
9223 4733
2698 6771
7631 793
7206 9233
293 4161
8857 27
5092 3742
5863 9045
1797 9689
1726 4486
7161 5152
2338 1938
6878 1892
556 4180
8872 9598
6170 4676
7349 4689
9941 3040
5578 6844
9608 813
703 1446
3802 6592
7440 8249
2741 7229
9439 7074
7065 8644
4378 1761
3581 9208
4295 2328
6820 6675
1503 2839
2148 603
5513 4091
1298 4924
8600 1299
639 6241
4252 9661
5631 9739
7348 7686
3857 8367
94 6096
6177 7152
6324 4626
1179 10008
806 7310
7249 2858
2719 7808
7963 3232
1561 1540
6377 6197
4639 1832
1026 7079
1958 8437
6445 5421
4615 4850
5639 5770
8066 2901
9164 1796
73 5327
5489 9378
2969 387
2628 1275
8754 9381
9626 8434
5253 6209
7555 6650
867 285
9807 18
8643 724
1166 6560
981 6740
9177 5144
9499 2410
4390 1325
2881 4182
550 2933
161 3914
241 1000
6837 9386
3286 4454
7372 3282
6459 288
6396 5446
9719 4154
3727 2788
3966 2066
7406 2736
2940 4563
1603 4633
1265 2280
235 8444
563 5955
7360 8043
2919 798
6161 9315
7032 9210
8815 1265
5738 9892
1314 8491
3644 3659
4979 1427
4541 6887
8556 966
7348 9962
4451 1077
214 893
5062 7752
2568 1540
5083 3491
2712 9985
5112 4848
9051 3904
3314 1015
852 9673
418 2055
1861 7848
2977 4022
6361 2890
1055 7426
5644 9637
5449 1093
2684 6682
1264 477
2791 7937
1246 7032
1764 2059
5820 1345
2188 9422
2926 4894
9249 9896
4964 1199
2029 1125
8426 3975
1173 7992
749 6814
3015 7013
5801 9122
1139 3360
1976 2881
2119 2998
4808 8717
1442 2052
2346 8364
6708 8991
7065 8554
8415 9558
2666 9696
989 3044
7581 2524
1766 8825
9946 6256
9306 3366
8607 1078
9082 677
7734 9931
8836 5200
2075 3689
1405 3711
705 5097
4757 6447
705 1
5096 4606
5940 9170
1186 5510
2284 9686
7412 3515
127 4327
4460 9622
8007 6231
8277 9867
4590 6247
1321 2637
2215 5884
5068 6803
5179 7708
5898 8004
4430 8784
4325 4279
5446 2728
1510 8288
7233 533
2916 8954
2040 2008
7642 4528
979 6158
4268 3608
8774 3412
9927 6743
2695 9779
8662 2568
175 9266
9812 2241
8898 2219
9420 6551
9274 7684
3714 3515
4459 6232
1404 739
122 4478
3581 1980
4629 1226
6361 635
2012 5397
9606 365
3821 3144
7641 6488
3871 7042
5352 2875
338 975
7440 6346
1962 6458
1465 8465
9808 8458
7956 6003
6253 9311
3481 8245
4338 5112
6660 1149
8957 4892
5464 2441
3268 1606
5757 7295
8155 709
1519 4192
586 1729
9228 1868
1818 212
8574 5494
3723 2203
4976 3312
3282 2796
8661 4683
136 2028
9250 6834
2473 6998
7272 4260
2494 6810
5050 5214
6859 6889
4700 7390
8827 782
8425 76
1803 5259
5270 9372
4998 3040
4124 7280
3296 6391
547 7800
8584 6781
5545 5372
7421 997
6698 4030
4858 947
4045 1957
8507 888
3186 1509
9806 4152
5174 2143
1353 9345
140 5421
5236 2554
8079 1237
303 242
7063 1923
8106 7448
1676 8687
5090 8606
8287 6017
4752 2275
6830 7988
7139 5933
2674 725
6593 7473
640 715
3647 9892
957 8641
3417 164
7791 2764
4802 2403
8942 1052
2723 5419
6592 1952
1468 2952
5756 1386
9424 4124
1233 2490
9691 9409
8989 4316
2366 9679
9762 9000
6536 8523
2870 6380
2305 8602
2508 5433
3739 2359
1593 7025
7514 2648
237 4594
811 6879
2959 1907
6202 8600
3398 8906
8616 165
4381 6672
403 8470
7519 9864
4337 9263
5690 9332
2030 3862
718 4296
8762 1068
7838 4041
2153 1654
3621 4755
2043 120
8412 3508
746 5623
5938 1174
1046 9491
3993 1823
2294 9386
889 9472
583 318
3877 5079
5565 2543
6452 5902
9764 7368
9645 4180
4665 3722
6948 4809
6036 9384
7995 906
3351 1167
7025 2966
6081 5549
338 7147
9730 8518
5141 2728
2550 4125
2026 1805
1440 10000
2013 58
4055 8802
4595 9152
5886 5226
7778 7672
1912 8259
9532 271
8077 9039
8594 1197
1041 6215
597 6894
2691 7999
1067 4240
2173 8220
2122 1866
1050 1182
6228 6292
5437 8063
9472 1236
4028 1309
5638 462
8975 30
954 3821
9087 6310
855 7023
3438 8067
1127 447
8573 7786
8725 3665
5137 8878
2594 9142
5883 2591
6186 1892
1418 6569
8417 5132
1088 9492
2874 4548
7488 2190
4881 673
7923 6119
5071 2112
1752 2819
1148 521
291 3867
942 3094
1792 4772
4737 3460
1192 3995
7277 1140
4212 871
2981 609
6436 8764
1059 1803
4213 1869
1280 7821
7170 9422
1695 588
3693 6402
4539 3992
6393 5543
9835 7901
769 8790
7232 6213
1419 258
4111 2516
2478 6262
9383 7123
2258 8705
7325 1079
584 7679
2071 7338
2246 3195
8562 9844
6164 4385
2558 1046
8216 9928
270 4920
838 3453
3412 197
4774 5030
1391 9578
1363 3138
8464 4672
9084 6715
9810 9974
7251 3345
6554 3702
5955 2271
2697 3253
8012 3817
1134 6070
7223 4695
6410 7026
1771 8252
8551 4296
9568 7033
3047 1020
5223 6125
1209 8407
2036 6232
409 2063
3098 6820
1402 6507
2118 4763
2187 1187
9089 4142
8117 9482
444 9047
2441 1285
9818 6836
5280 1535
9682 6503
1284 6124
7607 4020
537 3092
7329 1246
6611 2458
7197 219
712 3178
9221 2078
6125 7278
1178 9005
1452 8616
502 7250
4556 6277
5882 5279
9125 2816
6376 8772
9353 8348
8543 8042
6744 4106
3971 9073
2340 449
9592 5360
478 803
9497 1671
9151 2088
765 4433
9262 1392
2841 4151
4475 3822
99 1107
2030 2345
9225 2458
1487 7174
2731 844
7503 9193
3841 278
9858 3153
2272 953
6832 7056
2564 6086
2394 6760
2580 5208
3326 2655
3010 628
2213 7253
872 4261
6100 5778
3355 9508
7529 833
3155 7521
2420 5727
6177 576
5140 2830
6459 5412
7809 9234
893 3887
8039 2088
8773 1224
3805 546
2135 862
7025 4097
6741 6122
794 2074
1288 2385
9237 7262
2927 7319
1239 1691
3988 9894
2486 9563
7078 1310
1579 2494
9784 4223
3777 9444
9748 3858
13 2869
1450 9596
955 7918
9977 476
7528 2596
6582 2368
1198 9437
696 9180
8349 177
4932 7762
4471 358
1008 5451
5515 1657
5557 9533
3831 4375
3330 6869
1409 2528
5969 9380
2576 996
9326 8068
534 3806
4675 3067
1782 28
8004 6227
37 6659
7703 5246
152 2809
4351 9751
9826 4844
6468 5539
688 3950
3829 5479
6628 285
2590 1553
5990 9873
2744 1053
541 4548
7547 9608
7626 484
9164 1257
8237 1700
5623 1229
6900 6899
9661 7589
9379 7088
4531 5820
609 1229
9278 4587
7157 3817
6545 8036
1790 4310
138 4041
1111 1514
1786 9458
9118 8241
1384 1269
1271 8288
333 7904
3072 3152
8695 9290
965 4004
1871 2700
2663 762
2372 1484
6417 4107
5882 1265
8884 8343
5145 1269
7737 1049
2318 8870
7679 2199
157 5653
7648 7215
1789 728
8087 3596
9698 4826
1519 8133
7990 6354
615 8586
2311 2197
7953 1791
1498 4291
4425 1972
3329 5726
8757 5552
4154 7390
5756 43
2897 5255
476 4416
4568 3031
2350 1722
2842 3855
2608 5312
3405 223
5593 1249
4747 2406
4486 5363
2609 6163
2098 2190
6749 5514
8977 6114
5144 2391
1343 925
8966 595
300 8207
1555 6885
57 7051
4794 4750
3196 1041
8780 8357
7932 503
1796 7471
1609 8417
311 6505
1124 9248
6651 207
6053 2622
1449 4556
1671 5477
1443 9139
9569 4731
5756 9458
8213 6034
1398 1014
4168 8678
306 8055
6265 3146
3008 2395
6839 1452
4970 8243
7226 4864
3497 1794
2303 1885
6616 7852
9520 332
2653 5245
3564 9808
1197 6684
284 5681
7734 362
6537 1185
7067 9950
7519 5663
6184 8209
5060 1052
6094 4858
1653 6800
6965 3704
1968 5818
5206 2273
1403 898
1362 2974
9540 7072
3830 2337
6288 7216
2582 7435
3226 9431
929 5217
7841 7821
3798 6510
8573 683
6985 403
9458 2479
7715 1772
9413 4174
6438 197
2168 4046
1025 569
9360 5300
627 753
6270 6077
9444 6521
7306 2075
1175 8354
3459 860
4811 378
8845 8944
5573 7711
9405 4419
6565 6041
3635 9110
7832 2757
7656 862
1566 5947
2297 5640
4157 7772
6801 8250
5512 3390
3738 4741
3577 7131
9848 262
7383 4366
205 2250
8106 1932
3097 272
2597 6201
1058 600
2475 4380
7462 2990
3911 8468
5031 9825
4335 1568
8199 3926
9962 6217
7641 6337
8548 7165
8002 4769
6139 865
4402 2179
6393 2504
1377 8262
2313 3414
7 5574
840 55
9485 9017
9134 2634
8871 6487
9407 6392
3594 4799
8409 83
8762 5425
9332 91
5436 4596
4921 1021
2327 2657
2354 5727
624 5318
470 6723
1673 4235
1701 5356
5368 6265
6563 7168
9787 2122
2224 7021
2627 1289
2953 4301
8782 5686
4754 867
5212 1454
6777 8374
2291 2734
754 7609
981 2623
9252 8407
3691 9201
3933 9130
2321 5356
218 4951
8411 8349
2190 4280
8690 2582
379 7817
2235 3176
1954 4996
4143 8548
3952 635
5457 1100
1928 1046
875 96
4546 1354
6562 5438
4720 785
6781 6589
597 8562
8234 4604
3317 6831
702 3861
8474 6519
2858 7281
9976 5805
68 2319
5176 5229
9436 5247
9050 458
5235 3670
4223 4469
8174 3055
1350 8542
714 3535
4656 7486
1927 7269
5197 6618
8658 7272
9674 3231
4496 1538
1604 2662
9130 3476
1106 3732
4692 1351
8120 8079
4527 6224
7133 4495
5598 10008
1225 2916
1675 1259
1286 8157
2302 3281
254 1626
6253 8227
169 7713
5652 98
9790 976
1186 1440
3420 7417
3630 8938
7997 2157
250 1175
2268 4182
6042 1129
46 3245
1892 830
5873 6665
4075 4720
6512 4946
8248 9101
848 3899
9491 2215
255 3980
9914 4398
1187 4463
6035 2608
362 8814
7676 1648
4173 1413
4093 89
9101 2136
3684 273
2983 563
2089 6024
2060 8419
4930 2799
834 882
9292 9521
1623 5462
1741 4741
7233 7270
9078 9389
7975 150
325 8564
4783 1007
6269 9243
7017 7305
386 889
6414 2554
380 4016
3332 1709
8574 1937
3945 3743
258 8752
785 5251
9655 8149
3564 7885
4582 8644
5443 6155
8262 5249
2514 1974
6465 4239
8031 5217
4580 5463
3678 4046
8585 6114
1373 544
8778 9659
8668 8159
5009 1770
6555 999
7610 1766
8690 8029
6311 7612
8460 2796
4318 5601
2257 7525
8714 5885
1927 2919
1636 984
6985 1590
5497 2097
3760 8466
7115 566
9017 5794
774 2831
6974 9151
7881 6987
291 876
3600 8645
2794 6646
5120 7719
838 5990
3484 69
5888 8023
3449 5012
4997 469
63 1411
7219 5025
7980 9006
3688 7999
2212 4021
9266 1194
3753 1178
766 2025
