11
664134427 863374200 187340964 621188306 742251859 575202201 435240093 104026363 38632867 254491300 
52210561 518224738 942127305 463782609 588567703 636087667 854479771 262230904 720454314 
134527419 163331350 944657690 895206328 140156792 588327105 901979535 711207549 
235362185 184786981 259160975 394482457 533477175 1041010 26787844 
846737743 917441029 717042367 822179212 103572021 280968739 
468470680 136946477 934755294 400919560 727422401 
250065211 739152807 241773438 966849441 
302521895 297359530 423620506 
143387062 209429651 
865335441 

