14
170060051 595687056 181238671 852331832 772156599 454027011 779159176 437273877 173720819 976376630 891206447 937694367 672924577 
12412583 543259146 235859199 840877440 962299045 858667557 198545057 29057583 114636867 674400237 461411294 832956282 
84921188 25131469 678508174 296920842 347052888 114985435 114273197 365667018 385462757 848675103 279838229 
638255793 567792736 746502271 436922216 557131196 984583913 43922615 449709343 966193389 442659532 
67069436 961747025 845161966 646759370 350827647 930439976 775092264 815553516 312483819 
750507331 19206969 103462290 444176661 495294072 924644094 446361362 361296829 
719254462 509899265 689199832 293258196 846557073 349316635 61458907 
486376326 29269125 49066110 913098480 157278636 18004762 
647254451 906790500 212008166 692723577 421823159 
546297617 201141484 945560741 37551802 
735812144 266314747 528368081 
737627981 567298202 
959180861 

