11
76923547 79920610 842524108 974665429 677723164 835721566 922692526 958580694 874849410 13717060 
498518042 860510029 98562867 952159860 864172378 502716841 324032000 940586858 8571688 
973104657 885626955 574768368 248243697 365694450 407367004 341086336 618276262 
295549666 65952071 832753493 159443437 722214169 742168564 531933035 
168638392 239527705 70768279 982517901 462534173 733345559 
858691760 64845542 948506536 267459334 631640196 
366396118 999711743 558567961 124199338 
219731434 752451184 957300653 
485910263 934674293 
368756940 

