15
81442899 412582809 257422506 363734453 553393549 729149694 17915978 8761115 669835439 148083514 654473506 260122524 756738742 808285279 
404471340 864398269 580967814 384695197 671223920 737093536 284205532 353417830 372252305 239541747 141016595 664557951 384678815 
217234140 827927497 106290945 566941186 180636146 665928334 562376114 819882893 435115131 294296699 876833715 355872399 
738340612 539668194 538974164 782373814 433905430 905266250 166094131 629630047 101672213 591167660 199755116 
924558045 766049187 666773933 469493522 2257465 824519302 575120187 239736477 563046723 256106648 
247643025 738735112 196979103 211483673 548862220 12816482 431329577 244734959 802037058 
381795908 118775767 343810974 919955038 895210200 743255924 83294295 58469863 
699140636 110581918 939392508 175952524 910251379 907193492 482367649 
338703138 883639488 938501242 520935138 168479232 604929174 
385795498 623613707 421352354 156823758 613144405 
683186613 658431493 190411855 319261007 
663316671 331970487 348725392 
824521630 300142769 
147413615 

