111
1011
1101
1110
10011
10101
10110
1011
11001
11010
100011
100101
100110
10011
101001
101010
10101
101100
10110
1011
1000011
1000101
1000110
100011
1001001
1001010
100101
1001100
100110
10011
1010001
1010010
101001
1010100
101010
10000011
10000101
10000110
1000011
10001001
10001010
1000101
10001100
1000110
100011
10010001
10010010
1001001
10010100
1001010
100101
10011000
1001100
100110
10011
10100001
100000011
100000101
100000110
10000011
100001001
100001010
10000101
100001100
10000110
1000011
100010001
100010010
10001001
100010100
10001010
1000101
100011000
10001100
1000110
100011
100100001
100100010
10010001
100100100
10010010
1001001
100101000
10010100
1000000011
1000000101
1000000110
100000011
1000001001
1000001010
100000101
1000001100
100000110
10000011
1000010001
1000010010
100001001
1000010100
100001010
10000101
