202984
38425
189839
49053
1212
1207
91
836161
427024
588806
43284
128578
433519
5222
34118
1289879
352109
80862
580124
72641
143228
381220
737120
42405
300442
77701
3140
92112
1132775
156333
460954
1582
178325
652290
107269
926388
18293
624041
274656
325750
495178
125053
72629
755418
47192
139508
114803
659154
168904
243048
1403
543041
223254
401544
699929
116
748085
226587
430753
282138
35436
1250056
855654
775225
64853
397087
973
65231
63778
910144
1426652
188625
13310
5958
131128
1070441
43851
883366
24706
373380
73432
1759
542003
77658
34104
1876
9144
12183
176529
82077
805416
189855
39535
74921
5511
926406
203014
88294
174123
1077761
140024
342102
582308
56851
662602
1396406
400653
851737
588798
33098
211342
32844
19646
1676593
369099
199160
288937
785201
4818
111484
265834
645423
419674
656837
45971
154668
131178
75366
546188
1002787
221224
995691
34640
995691
8589
17903
6734
623998
5
6
345440
726228
2614
775212
262955
43574
6
664889
51898
681138
465781
38975
1153945
507201
337965
257157
106320
1807220
227
8999
17696
102664
12037
262940
283621
179482
842634
26283
4345
1207713
315349
406940
77284
195394
217278
135819
8347
209408
329016
879360
68871
115779
934573
65224
357136
3700
401548
159714
457
15517
52237
89097
70390
270946
47167
68500
734
45953
252187
9965
19847
148065
5639
1462337
662579
953807
666061
638648
1037042
97323
1307632
407849
3459
343769
766515
19445
211994
105445
406055
100440
6282
80462
142673
158562
40973
268026
110064
25359
113871
810496
311406
124587
780226
17338
53509
651117
63
1317356
266576
89546
12205
1207
731060
14298
800297
82108
3376
44466
14
1038505
11422
377718
250749
57169
458071
397966
10255
902048
847828
55
661437
85787
112927
96879
178
59581
1091021
134
121625
174721
138932
5758
990068
22944
192929
1604133
177088
265868
63444
32049
28842
6291
1082179
262929
163109
1129771
91224
232010
20855
21454
98612
291240
463832
108175
180724
694
1261142
83721
630733
295
1297947
260062
375127
859604
40060
1419903
515290
525468
210733
76497
2004
223244
107740
18084
606267
9127
567270
80483
24015
22926
646580
109091
99550
37614
1923
4161
384707
85359
629639
522423
827114
116
271728
6750
19843
188008
460008
3525
342946
17887
471588
2817
137919
691695
191681
515264
42402
984441
457
35170
301994
702321
823254
154119
34867
75709
293514
343
15880
77714
35683
148616
51553
178292
122596
340431
58
376866
8084
477
151361
478409
1948658
28119
531641
1495023
7463
68909
882003
169
90352
974640
270948
563050
418757
98198
420600
42989
92102
550351
1016975
12045
1765628
79666
1526301
550362
854361
7842
70378
429816
4160
212636
88261
300420
5535
187986
584445
136301
111505
119613
50616
45934
1173774
571576
133738
719013
1226451
2190
827128
8608
951055
431689
104471
276888
270253
349583
140012
14642
124619
35130
27655
86144
1822453
227925
2400
6980
1622109
363948
204925
2069
632991
55517
1991
116241
320124
311385
301989
1092491
602989
74971
54520
379458
1014137
389980
18075
973253
89515
139994
605167
916885
357173
11429
249356
49666
184320
962117
423348
1184531
335498
632984
51255
653403
313783
12036
741975
558802
355472
2829
428886
57854
1265918
783935
1199970
159157
223877
1088081
327371
229981
158038
115
33076
1709703
9807
150783
228
639776
58875
133219
45946
58892
76523
234715
1366484
44466
1731964
659
841316
1024127
207455
4143
133207
75332
567273
635268
4724
133736
1294725
294268
24227
940050
197315
479381
182488
24460
0
11740
46564
10554
3634
3638
765284
740741
302776
467702
5328
96428
1189154
34
231978
1042815
654553
453315
1369798
471572
21894
307481
31802
519366
554571
1930938
575858
647722
101358
883361
57866
122607
804
786464
31806
14305
1058775
212032
31775
755418
150261
398859
15511
57189
163711
312956
7108
97317
161998
34093
854344
118652
164284
197905
54860
1009872
14316
84544
615
2610
454270
58190
34888
363955
314554
21677
1614910
119665
194147
173002
136835
465783
22285
27195
445715
206855
15541
25361
84497
81272
288166
147524
78092
28146
44119
50910
1379742
1413159
8340
1021
91261
2680
487
801589
389991
309799
96862
9954
315379
142154
20219
757864
97725
497179
160835
862225
615128
1218632
827129
594219
18844
1323847
543066
1309243
10269
204287
2384
1299565
393529
737089
757907
1031307
154141
205568
7605
3297
731062
51568
86624
110041
109130
503179
9973
277650
3461
1680249
316157
327380
8608
7110
10115
893
205562
342922
81261
63788
30057
75698
1414855
780227
166557
556700
63
69666
1702328
129661
542024
74554
84909
63092
795269
18661
21458
1643795
772730
9691
1484656
22511
487247
365667
505174
150257
100417
28850
83332
382956
93840
32825
104484
342939
219215
116762
1872
29074
5129
279136
418753
136870
75725
43281
381196
39490
912846
57817
151318
1086586
382944
1733841
956595
894
456160
2541
711821
212657
228621
1070438
180106
720214
218547
1428346
1629309
223
184906
57190
19236
737100
34890
165996
220553
301222
192319
415122
5001
7713
1589845
896690
2686
19446
1843512
290429
244439
314
400662
610686
42984
838749
334
19433
173547
1107330
148035
98203
3972
420589
449501
237495
88712
1099894
1521067
137922
5022
820714
441937
549301
34897
68527
547218
24688
1066
16590
218590
1004199
896709
1156986
324945
646584
415107
51590
73047
256437
9127
181932
365653
1388070
203646
164273
1760005
34343
174122
63095
24470
429
1018426
222531
1336897
64463
202984
479374
214647
1915241
521386
670683
450473
114825
13317
671830
513245
363936
163103
21657
128
17137
929110
347093
5748
288167
920963
214632
20222
1586287
119659
97727
115778
317
624020
1328746
38400
948309
384734
47772
1250056
131
640882
599682
390867
837436
388216
482322
769020
505176
544105
884697
122118
32053
555642
694
688178
40113
783941
1239013
172973
8619
44150
381200
565138
234024
212004
493172
795274
40102
20261
776487
1028426
6523
122092
91229
380331
843932
299650
242339
25795
2106
107245
29295
180696
422445
89967
124050
69641
748080
337175
402443
104464
1082166
46238
9
841326
324973
260060
694050
50322
28145
48104
180092
226559
435407
1641980
85320
252865
175928
1419902
248628
67439
444771
4532
343
1364850
89548
588786
49333
879361
27196
142651
48739
369
28385
262229
1076291
32547
509221
346236
940035
655713
629636
398896
328187
69266
316935
749298
992900
34089
117657
385604
697541
183729
1593421
416935
264386
531647
625167
1524559
819393
436326
524448
639769
263679
449499
248618
739545
576906
146398
52883
19235
2004
60279
1691265
177727
963520
1041382
82103
782731
892675
416033
68877
830963
296558
735902
29093
143228
113858
134749
842
121624
28362
31806
872729
818110
574761
6754
91683
210726
295034
5323
8474
463851
1417
30313
77277
278377
581195
593130
238851
674164
4248
177124
1189152
2131
98620
140045
350423
557755
3055
45066
34373
1313
172970
51540
14308
198545
24684
64157
662589
50904
30557
1698
110997
133698
1294717
299663
218544
329832
9397
1341807
48427
87016
31302
750532
1632930
807933
155776
131147
303566
173578
97280
9135
1521
530606
6856
247248
288190
557736
92480
67792
27393
50262
35975
13653
88696
30313
49025
16240
428885
1470901
1212400
362233
56524
1715268
423361
477437
7834
398003
20235
47181
114784
1996318
53545
4722
811728
172386
427965
63437
573712
160265
640887
697594
162558
647720
289695
273905
94676
621787
140576
6524
274644
483309
100870
685830
35431
777711
344576
1265
707025
99106
1024119
43301
131692
122588
199801
502155
6874
72658
580136
2126
767789
148626
867477
59244
87451
144293
93377
22742
657980
1126765
9278
447617
212654
405162
49048
627396
88
234057
129661
8610
248656
117722
851746
1464050
711821
159188
883360
20222
3989
370790
38413
3542
715421
25358
934568
1181454
429832
164254
11112
868794
1016978
29570
257161
115301
91233
355457
143178
138950
32563
215935
7850
915533
234743
547220
465773
32817
907441
52869
372535
366501
1076303
595311
1125260
144281
191715
14995
223244
215271
195435
353787
333868
472552
1409800
14321
114782
388231
7093
462866
137912
60947
108679
41808
640887
211994
1525
172969
50957
1067
358865
1327100
10983
104994
120096
72658
1561448
711840
644313
622
6851
11582
519
7714
1669272
292740
363946
11128
3979
38677
765278
139507
635258
280643
274684
40655
621795
3279
118702
210726
10514
1873
230630
985832
88700
315362
397100
1057307
110962
886007
274648
602999
5634
51258
298119
183129
74973
161962
447618
1
291232
156931
1091022
695207
631841
328204
664910
205575
20244
801591
531635
800343
111911
886
301988
1540301
233358
163142
366
206212
161442
626285
780210
29794
1362
47476
116224
213340
1554386
144830
238143
1138796
1604143
35434
356330
484282
1366488
1220184
663738
21433
491218
329022
106826
813025
47826
169433
406043
1015560
734649
155
1317340
1068992
1576
47497
403353
458066
85317
230632
17334
276134
122572
1024134
398886
1011281
102244
86
230610
16435
1784474
103570
96906
213962
1211
29769
1089549
33837
1105846
11131
203013
75312
535765
300426
84496
1018419
177124
151880
2389
366524
1009859
36237
27185
1108820
43523
473536
352106
1164592
70381
49050
139977
56199
158572
204930
32261
312996
159681
10263
15513
345
201108
540985
70400
11739
10523
6753
430755
1722671
6079
25549
454
437275
799069
322559
262924
810
252868
71130
566211
923689
221219
115
930478
312993
271727
55
344592
67397
263675
604093
185572
11741
450453
5325
20239
312957
38422
413283
4353
644307
11567
245843
10650
56856
1140308
13313
646594
51240
353778
274664
648844
31055
44739
802830
4349
282859
27190
47183
221
128080
609597
201747
134238
516279
76
6979
19050
12797
117708
5131
7348
123087
652260
10114
39494
1549090
30801
1192243
198549
121140
697566
810469
569410
106771
1448690
8349
642021
9797
130658
125575
49966
148607
637496
7833
0
369931
224590
204925
12031
1277076
309045
224
50940
77700
576931
636390
108187
970488
4340
333051
3304
810470
92914
8076
5943
258629
10105
24479
295832
262196
1351667
183132
470599
57476
344569
604071
279108
872746
2542
324143
13652
221200
15883
150808
0
3628
173549
4164
1613113
935960
83720
114
159684
47182
685834
179515
1007028
84521
143752
21262
978830
714208
854364
113810
626278
279861
412396
240264
41229
288924
426116
117237
97348
41242
70772
740740
17320
247
1073364
109109
52833
1297931
237488
811772
899373
7713
71130
9970
12518
408768
8862
2687
754216
59580
51575
20
150810
864849
337986
294281
236095
727436
99952
102669
20633
47811
50628
14451
35395
64887
341
204297
876706
466745
257160
1110310
4921
283622
42678
51
4718
15166
322539
109
807953
549311
207456
978842
5740
816831
123606
729
200431
206805
1237437
160297
306658
120628
286659
1166131
336334
412377
255752
91233
230628
511214
19449
254325
208740
762805
34062
2748
83714
1147877
1099909
678814
2002
1467475
766529
283656
246496
36251
11901
3969
556
465759
981654
1807
348733
328991
485255
597494
15
58553
4341
507177
5630
1797720
931861
62390
155240
704680
441946
743178
1365
154079
651130
162581
554582
156916
80085
8
850441
47182
1364842
6521
1430029
26729
5022
2671
65258
229946
1178391
624039
181926
131186
229307
1467
405135
13302
42966
438187
26034
247239
142128
1501939
312188
18464
973259
998519
1229584
598577
82874
37276
1058770
1309
525468
1634
5957
5021
140509
221253
11702
276888
12
231982
105377
12362
124585
36774
342105
1113
65572
13474
74206
1637
245845
6175
711813
525
922307
153021
95143
503161
50649
49677
108674
332233
167697
333064
100854
14829
68131
137405
537850
190421
441023
96877
70011
47197
382082
1052946
19629
212010
980251
721411
320914
7968
501170
68148
110094
702318
80492
21673
14136
911495
1009878
12373
940044
1243733
271
867481
236130
426117
33855
525473
592040
110067
317765
1535052
116727
5111
9683
169481
12654
637502
412375
27880
525472
359711
1847360
856958
62035
1025563
141043
23152
9676
111952
31054
381201
11273
442891
7225
13303
39541
820694
94258
1054384
597494
855651
899385
34621
486264
5744
516305
357170
80498
377721
111974
629595
123110
8994
625138
254284
191706
479371
240913
845
107297
8610
283640
110051
16953
358841
63803
22944
51888
158016
1029864
162557
663739
520
15543
86177
71140
37272
734660
552458
12041
5858
733454
421518
131
479381
154149
148588
314579
1265
112
17513
1409807
169484
14807
1126775
252189
254307
136301
392630
16237
154644
10821
1579
5304
580151
35413
13960
389120
751759
291960
37297
225259
145907
8863
462870
544087
486258
1250055
194811
1029858
460011
948300
981658
354621
9407
10406
26274
21
1206175
48718
702294
150287
236086
219228
461925
31290
541997
1358223
297376
122123
1426662
872740
115772
725020
1549110
560900
109565
130627
1309
90
8319
212034
225
1717120
1773164
406049
785209
940064
247250
4337
1536791
491205
1433419
345437
770
737099
93836
99091
1692
102706
307458
78096
3297
309839
4421
167693
15538
624012
814302
412373
61668
320930
103117
12501
50622
406046
1096950
51564
43555
77316
250740
563045
337163
733473
444779
24013
16385
126597
1524
10946
777732
859579
487259
322560
43
38955
133723
331422
319331
571573
21056
537846
751745
1503683
14671
875384
770234
21
11883
12055
23785
309039
1652875
919595
1259563
115728
28349
69243
7597
2911
257192
1681
7839
396
322531
642001
218558
457116
1245321
233333
284363
7830
45020
27196
504159
81302
824536
185538
159725
87015
2323
342100
872746
818127
26746
1488112
1150903
1175309
422415
13642
373403
97309
606271
460959
34114
3632
375984
435395
477432
581208
595308
86178
7450
189194
24243
762833
72
458083
682293
366498
139459
8360
167752
15
317
490217
45957
1438498
16584
295
688
50901
3136
624044
347901
46867
12032
57871
216588
1070414
891356
31060
119608
87023
250038
3886
414216
48118
678791
203651
320932
434466
549313
85729
15701
91649
402454
21671
1002774
5630
20210
12354
13817
920952
54874
990079
49051
7207
31047
13786
23561
88294
292727
738312
56195
427046
52833
9680
1412
1620309
119134
123554
196662
655706
51550
790251
241638
237489
74552
255723
237449
1016993
3126
233359
4158
80890
802837
709452
71144
725032
76544
159727
396
305876
332245
265829
347087
130627
360542
1869
109149
295052
358860
382076
106310
1178393
565153
1304388
213338
184337
35
360557
612
360543
22734
429821
546168
48716
6733
1363182
35190
4820
833583
21050
1050049
1206173
123567
219239
165955
55853
602963
756650
63435
866143
449498
7333
74201
141625
69619
64867
1583
484278
250044
35170
976041
4823
1927011
24026
870105
95086
165394
807953
27
55841
529598
92084
1299542
242343
483290
156334
41234
485265
531659
99069
978851
87458
24654
383836
22712
635240
1331987
78073
858256
172994
659
814303
275425
556700
908794
4254
64486
300464
63797
113819
22101
432588
92916
168908
1001348
429801
596397
420601
1399743
77281
204893
353790
990076
166574
12643
33597
47782
748084
1345090
184
185535
118191
17109
823232
2884
925028
21243
479390
8093
575828
45331
1253222
148090
34352
208784
536833
13800
196690
3306
256446
606288
959349
63390
11731
717779
133216
169504
429801
775210
2106
762838
918249
215909
959366
54852
766516
14650
312966
2610
162002
208142
982
23357
606301
608484
551409
16405
470596
13820
462890
225903
95138
18868
566238
204278
1867
2686
82894
475473
709439
851753
329015
52842
352097
1317
1002778
64166
346252
427039
299688
42386
339635
825841
1257
240218
216620
302016
1014125
37058
171230
1134281
48740
47824
373375
47195
1019
430753
294265
1120759
436323
571567
184
149713
168268
184960
4828
1376433
1095465
305892
773984
10537
23580
85771
956584
306701
52542
260784
698771
743183
3549
15498
1525
12041
124608
130139
41519
4823
112420
15330
721410
149140
141106
320129
494186
38978
162008
130115
316
3451
44759
44149
208122
99952
286678
892
597523
333083
21465
46887
2055
65239
96855
269484
479391
28815
64493
13633
247918
507198
18238
178341
70764
882030
29089
339629
223869
14312
262957
1469196
505166
56805
243704
642027
98172
50007
599674
411468
150816
192941
127578
685822
282886
1477772
1277076
32570
461929
109129
992881
2661
33318
52858
476459
642034
420606
58549
25758
51276
69596
80063
930479
48691
313
427976
74184
39255
110512
691
1745030
14655
9
976027
63418
272439
393529
150807
279870
1
146949
17347
114824
769021
4343
54
77722
395
225226
894031
492193
114784
148587
26502
284398
331419
71878
16065
723815
987264
233336
138436
29058
599707
148575
8
619571
481356
1144852
44462
754210
824545
3545
380321
352937
858269
1519
342126
391745
1559667
22085
167174
444772
940067
4337
146436
14982
2114
26686
3721
203026
1467479
402466
182523
592061
11888
67045
540982
7221
737115
685827
314558
315347
48428
327372
589889
1002767
1482938
93833
674145
2325
141607
886026
98654
536810
295816
38716
1169181
24465
49364
22053
1067
34094
537863
1050051
409652
682312
3452
1479492
24913
69621
238191
144296
4625
43875
630731
1354939
20422
148638
1120769
6526
196647
26251
50319
1632
445733
360525
657981
9652
42351
127059
606299
1694948
267295
6407
116241
174750
16233
281354
818137
176521
210725
8604
24876
310619
11101
53203
49363
11732
410568
253604
605178
156359
853035
51535
749280
26266
914194
53553
308267
757902
477416
12664
1138798
286679
185
206209
7332
1682092
322526
47518
2257
751755
136333
45366
34627
833581
27897
837435
554590
69631
1505404
998521
442886
1381397
19845
875391
301226
918240
473515
1186067
12675
744381
573693
1038500
11581
15175
95575
10538
926399
58846
13323
11267
1278684
436333
38925
120627
1203075
187351
80835
116264
347098
373402
107235
289694
441005
764077
19449
431684
221905
254995
100418
363954
1240592
319323
1055867
32515
79292
1032740
184347
4536
1474341
1224881
45385
35190
637517
338794
1082165
16402
1741293
1024132
141074
459042
1559666
516306
7093
12979
83732
630721
118201
23809
1436806
433527
127604
91270
17705
229261
47783
3371
41784
73807
51268
74585
23357
453313
28114
309812
12318
728617
134787
186756
191061
118179
68115
134218
1248468
713015
291235
164803
263680
14306
294293
179
850407
321743
390872
491
64
933220
72661
132700
127609
58908
1195326
33590
135321
1633
656861
370794
18662
1117780
275402
137908
60250
165969
172408
382068
549
39525
98181
15484
1889895
1052956
142112
38945
140045
1111801
805391
599683
1160
173532
750542
271706
606291
1011286
504180
313757
1759
1452
1164592
461925
671840
2131
482
123593
123570
535798
102187
717824
170024
5545
13153
475473
248643
121102
49026
530633
953843
24453
501174
189187
271687
739554
16230
16050
219891
294274
1565
145908
74554
289708
171808
521
4632
125597
88717
295808
429815
245112
149191
249343
1522813
146414
5
80479
202985
117657
35
12358
338803
508206
337159
210709
446664
241613
420590
17109
260784
974659
598573
606260
899368
168891
131638
722620
30539
721416
126568
107269
1746890
208
130650
2895
1416541
251480
14487
171802
635236
48419
26
264410
2607
397086
232696
16765
52533
27850
1361
17894
650003
5429
1067512
1517581
1330362
142141
183712
77
69247
125613
513254
500157
515288
1273883
3968
59886
9684
35706
151916
142105
446665
58499
329023
80826
67030
1044259
199836
183105
168890
48740
30809
381225
69661
42380
85355
50274
20006
5966
384735
150764
676492
213326
162541
73047
189808
14636
70014
988639
244448
619547
53161
985843
28610
1304388
497172
3295
14481
787743
265854
279101
72996
352
257174
112913
14660
125592
37324
451398
226569
239556
586631
145372
66273
401570
101773
709426
800317
2681
1096930
731042
96454
647723
184346
595336
92973
760345
1994328
22508
61997
850
694
1333631
8346
626256
374265
16778
1554386
254307
173584
66700
497157
281369
24871
73028
3375
168871
13641
255037
157425
872742
164826
10119
286659
273918
253581
2981
18459
141068
99988
24453
1441901
202351
9824
451414
99952
683489
19446
41551
1435110
305882
451400
280617
428
31263
554594
92101
1379751
78102
365666
1394737
529597
678785
366524
298889
40092
30306
285130
91650
149
838748
5112
58196
782713
150818
370792
1061673
883337
7958
72
347067
62
160247
244411
31038
654567
5645
56833
431683
801589
874081
61684
459036
10967
19051
122137
176533
250742
262208
221885
19846
25357
1317342
59886
1156983
42095
2331
531649
60644
351246
195397
642003
47186
1510625
1314
205569
127577
289695
893
184321
71876
65201
649989
1141816
1515837
273197
241625
941412
199159
80099
490204
437264
5752
133
586605
2332
302767
74200
15
8851
96028
36238
704700
17146
52500
161977
3469
22318
101
1113
595310
571573
12176
436332
101796
2676
159679
30055
37823
1419
132184
90417
5740
201739
160287
67422
508184
573693
18649
494197
572618
461927
45366
170066
58887
461928
52232
29553
42675
120588
1210841
4343
16423
191714
11578
300440
309045
1082174
201
3296
174725
109588
260052
227910
1792
35685
12789
134229
123576
265821
10409
883358
490219
614024
126613
9950
418765
446658
123592
153011
716602
23594
17
616224
5541
63423
896687
1526305
111504
1009885
320
1206174
1314101
1333628
81659
1182978
428
662606
39493
733456
84539
548283
1212398
90375
22465
434479
1138804
2672
60271
172371
40
111952
257900
337143
9409
858273
677657
14976
168904
8330
40
956577
828390
72605
1101379
1348366
85380
522424
45025
235433
9972
811769
135298
189219
5108
9010
956574
1634
78460
1024
244438
67417
314579
87410
227909
166586
192949
295061
501153
29587
59259
305910
38999
13816
61687
139978
427979
35399
1217073
62327
67800
59927
4243
1294717
992881
65594
110495
98665
1696
7237
725
23342
535776
82096
44151
168318
140015
333895
416028
422423
143170
1061673
159680
40384
1141840
161979
214618
42117
56515
481352
787738
11445
220
38698
45345
165400
612923
469639
375991
14107
12040
347089
42642
58239
489225
99552
273
424
144253
124104
1847369
9553
221243
16253
78909
121609
630739
988661
479370
215301
1037041
223911
581239
13301
12057
257184
1938801
19637
552
410574
261496
120126
372522
12163
510219
630770
50261
34374
306670
683491
429806
132166
11874
229275
117214
582307
574760
12354
68157
280652
87394
324973
54165
382075
277630
174765
21843
187986
6512
902048
470594
76511
406036
23550
224
1343437
78876
80083
45364
14670
802867
143206
1418
1203068
8339
64502
456182
76529
16402
20262
298112
241615
45312
229938
13805
841300
149167
267289
951067
424282
237463
16978
189230
182534
62026
422434
8999
705869
952453
113851
154123
35170
85785
511226
139500
870118
731042
1625
15181
1280279
95569
1215
270964
220571
285912
11276
139989
389997
35129
56132
65215
1108821
240921
722616
245798
167109
4915
19233
2
7465
639752
12510
173551
34621
192934
28360
174125
332256
215919
10844
181280
22905
6060
1589849
48400
33044
54513
933
40105
30803
87438
606280
37571
252166
11748
853046
649981
97775
357152
42375
8340
284377
3130
12797
100882
277617
590955
235388
18268
109154
10531
1004195
206845
430740
69649
654573
735882
149673
420578
619559
24464
595338
114765
19825
152983
44154
513249
55816
21838
2827
24008
110518
18092
1186060
286675
637522
606293
311391
118198
95583
302014
830996
158564
1039943
171202
139977
485265
12354
389097
460957
164808
18105
438188
551434
347948
457137
2681
440
1166123
56181
980234
212686
1203061
836143
609609
5960
117172
759139
370795
1672928
907429
637493
10255
168904
277622
593155
669504
302754
30049
355470
286642
106340
707076
172369
602979
154687
115786
71110
1302790
1784470
16582
38405
992898
39532
54165
192948
226
44132
848
30012
67045
131666
760343
48
644306
298891
446661
940069
18275
262957
642026
147522
235438
270234
406039
155782
25807
95984
486271
270966
40646
11418
413304
236092
93793
286637
520357
27900
183130
76910
6292
53155
102642
262934
1160021
168852
888686
50275
33328
56823
927
30504
876732
123104
56861
1001375
539921
179505
34654
230649
337161
1221757
262936
875386
216576
53517
464797
1374766
358858
281372
2669
100900
3
88292
1379743
1556136
529574
238835
3057
174145
8306
73817
731051
1315723
421
163112
171220
194188
143175
608473
13972
4827
1524555
559866
49996
199165
324172
543066
52573
1015548
929126
72637
3290
649999
770260
1364849
75698
199840
115736
119658
159730
49331
142145
611810
587
527524
635249
379470
5322
757884
1052958
264380
3970
1256385
279154
92092
298113
11096
64127
694050
91684
6159
2063
576898
286642
438205
579057
810492
625136
8578
689
60972
148043
433533
149156
1587
137878
228623
183127
187
320925
538881
7596
3388
100
381194
3717
110060
832287
224
1166134
65587
1428344
300422
1869
1690
389987
117225
595339
29287
106346
75352
26724
8602
57499
3130
1529797
571536
7343
1117
286680
578006
16799
8335
349589
962113
80901
525494
320940
168
63752
1826275
254295
49002
1132780
512224
992876
17506
363106
640888
12980
4702
58848
746861
156362
343744
4054
797809
592040
971871
232700
19068
300460
324968
142
1667450
392647
2661
579076
832265
720190
8083
171231
161966
725
232010
337147
388212
2250
427
4636
250745
313787
273203
159728
72616
508182
841342
257884
175927
795269
1320577
39244
1045699
1614910
49963
760368
158026
236095
731060
273178
208103
23539
2124
1938807
71462
1061688
1111
23591
659145
148626
696387
19648
435414
284382
1167655
31056
270
38423
60577
32313
1063125
243712
99999
525494
1158504
143227
588810
199814
107253
418765
88264
739551
76537
164235
141580
36455
450443
450443
1327105
354621
494172
260061
34080
775205
951061
51892
383825
164252
1820545
247209
7721
5971
5007
113877
444778
8874
749291
544100
569402
95141
194787
12986
119634
1024127
709437
76480
15003
1500204
28
227917
401543
471573
4167
1482936
271701
49002
148623
63788
621
5632
287400
417853
314543
347913
1137288
65234
933
185571
849119
25819
5538
327359
243012
88287
44413
9404
102669
36775
117711
481328
6
47188
425197
139456
336354
58847
