10
35 59
1 1 0 0 0 0 1 0 0 0 0 1 1 1 1 0 1 0 0 0 0 1 0 1 1 0 0 0 0 1 0 0 1 0 1 1 1 1 0 1 0 1 1 0 1 0 0 0 0 1 1 1 0 1 1 0 0 0 0 
1 0 0 1 0 0 1 1 0 0 0 0 0 1 0 1 0 0 1 1 1 1 1 0 1 1 1 0 1 1 1 0 0 1 0 0 0 0 1 0 1 1 0 0 0 1 1 1 1 0 0 1 0 0 0 0 0 1 1 
0 1 0 1 0 0 1 0 0 0 1 0 1 0 1 1 1 1 1 0 0 0 1 1 1 0 1 0 0 1 1 0 0 1 1 1 1 1 0 1 1 1 1 0 0 1 0 1 1 1 1 0 1 0 1 1 0 0 0 
0 0 1 0 1 1 1 1 1 1 0 1 1 0 0 0 1 0 0 1 1 1 0 0 0 1 1 0 0 1 0 0 1 1 0 0 0 0 1 0 1 0 0 1 0 0 1 1 1 0 1 1 1 1 1 0 0 1 0 
1 0 1 1 1 1 1 1 1 1 0 0 1 0 1 1 0 0 0 1 0 1 0 0 1 1 0 0 0 0 1 0 0 0 0 0 1 0 0 1 1 0 0 1 0 0 1 1 1 0 1 1 0 0 1 1 0 1 0 
1 0 1 0 1 1 0 1 1 0 1 1 0 0 0 1 1 0 0 0 1 0 1 0 0 0 0 1 0 0 0 0 1 0 1 1 1 0 1 0 0 0 0 1 1 1 1 1 1 1 1 0 0 1 1 0 0 0 1 
1 0 0 1 1 1 0 0 1 1 1 1 1 0 1 1 0 1 0 1 1 1 0 0 0 1 0 0 1 1 0 1 1 0 1 0 1 1 0 1 1 0 0 0 1 0 1 1 0 0 0 1 0 1 1 1 0 1 1 
1 0 0 1 1 0 1 1 1 1 1 1 0 0 1 1 1 1 1 0 0 0 0 1 0 1 0 1 0 1 0 0 0 1 0 0 0 1 1 1 0 1 0 0 1 1 1 0 0 1 1 1 0 0 0 0 0 1 1 
0 1 1 0 1 1 0 0 1 0 1 1 1 0 0 0 1 1 1 0 1 1 1 0 0 0 1 1 1 1 1 1 1 0 0 0 1 0 0 0 1 1 1 1 1 1 0 1 1 0 1 0 1 1 0 0 0 1 1 
0 0 1 0 0 0 1 0 1 0 0 0 1 0 1 1 0 1 1 0 1 0 0 1 0 0 1 0 0 0 1 0 0 0 0 1 0 1 0 1 1 0 0 0 1 0 1 0 1 0 1 1 1 0 0 0 1 0 0 
0 1 0 0 1 1 1 0 0 1 0 1 0 1 1 0 0 1 1 1 0 0 0 0 0 0 1 1 1 1 1 1 1 0 0 0 1 1 0 1 0 1 1 0 0 0 1 0 1 0 1 1 0 0 0 0 0 0 1 
1 1 1 1 1 0 0 1 0 0 1 1 1 1 0 0 0 0 0 0 0 1 0 0 0 0 1 1 1 1 0 1 0 1 0 0 1 0 1 0 0 0 0 1 0 1 1 1 0 0 0 0 1 1 0 1 0 1 0 
1 0 0 1 1 0 0 0 0 0 0 1 1 0 0 0 0 0 1 1 1 1 1 1 0 0 1 0 0 0 0 0 0 1 1 1 0 0 1 1 0 1 1 0 1 1 0 0 0 0 0 1 0 1 0 1 1 0 1 
1 0 1 0 1 0 0 1 1 1 0 0 0 0 0 1 0 0 1 1 1 0 1 0 1 0 0 0 1 1 0 1 0 0 0 0 0 1 1 0 1 0 0 0 1 0 1 1 0 0 1 0 1 1 1 0 0 1 1 
0 1 1 1 1 1 0 1 0 0 0 1 1 0 1 1 0 0 0 0 0 1 1 1 0 1 1 0 0 0 1 0 0 0 1 0 0 1 0 0 1 1 0 1 1 1 0 1 1 1 0 0 1 1 1 1 0 0 1 
1 1 0 0 1 1 1 1 0 1 1 1 1 0 1 1 1 0 0 1 1 0 1 0 0 1 1 0 0 1 0 1 0 1 1 0 1 1 0 1 0 0 1 0 0 0 1 0 1 1 0 0 0 0 0 0 0 1 0 
0 0 0 1 0 1 1 1 1 1 1 0 0 0 0 0 1 1 0 1 1 1 0 1 1 1 0 1 0 0 0 0 0 0 1 0 0 0 0 1 0 1 1 1 0 0 1 1 1 0 1 1 0 0 0 0 1 0 1 
1 0 0 1 0 0 0 1 0 0 0 1 1 1 1 0 0 0 1 1 0 0 0 0 1 1 0 1 0 0 0 1 1 1 1 1 0 1 0 1 0 1 0 1 0 1 1 1 0 1 1 1 1 0 0 0 0 0 1 
0 1 0 0 1 1 1 1 0 1 0 1 0 1 1 0 0 1 1 1 1 1 1 0 0 1 1 0 0 0 1 0 0 0 1 0 1 1 1 0 1 0 1 1 1 1 1 0 1 0 1 0 1 0 1 1 0 1 1 
0 0 0 1 0 0 0 1 0 1 1 0 1 1 1 0 0 1 0 1 0 1 0 1 1 1 0 0 0 0 0 0 1 1 1 0 1 1 1 0 1 0 1 1 1 1 1 0 1 1 1 0 1 1 0 0 0 0 1 
1 0 0 1 0 1 0 0 1 1 1 0 0 1 1 1 1 0 0 1 0 0 1 1 0 0 0 0 1 1 1 0 1 1 0 0 1 0 0 1 1 1 1 0 0 1 0 1 0 0 0 1 0 1 0 0 1 1 1 
1 0 1 1 0 0 1 1 1 0 1 0 0 0 1 1 1 0 1 0 1 1 1 0 1 1 1 0 1 1 0 1 1 0 0 1 1 1 1 1 1 1 0 1 1 0 1 0 0 1 1 1 1 0 1 0 0 1 0 
0 1 0 1 1 1 1 0 0 0 0 1 0 1 1 1 0 0 1 1 0 1 0 0 0 0 0 0 1 1 0 1 0 0 0 1 0 0 1 0 1 0 1 1 0 1 1 1 1 1 1 0 0 1 1 0 1 1 1 
0 1 1 0 0 1 1 1 0 0 0 0 0 1 1 0 0 0 0 1 0 1 1 1 1 1 1 0 1 1 1 0 1 1 1 1 1 0 0 0 0 0 0 0 0 1 1 1 0 0 1 1 1 1 1 1 0 1 1 
0 1 1 0 0 1 0 1 1 1 1 0 1 0 1 1 1 1 1 1 0 1 1 0 0 0 0 0 1 1 1 0 0 1 0 0 1 0 1 1 0 0 1 0 0 1 0 1 0 1 0 0 1 0 1 0 0 1 1 
0 1 0 1 1 0 0 1 0 0 0 1 0 1 1 0 0 1 1 0 0 1 1 1 1 0 1 1 0 0 1 1 1 1 0 0 0 1 0 0 1 1 1 0 1 0 0 1 1 0 0 0 0 1 1 1 0 0 1 
0 0 0 0 1 0 1 1 0 1 1 1 0 1 1 0 1 0 0 1 0 0 1 0 1 1 1 1 1 1 1 0 1 0 1 0 0 0 1 1 0 1 0 1 1 1 0 0 0 0 0 1 0 1 0 1 0 1 1 
0 0 0 0 0 1 1 1 0 1 0 1 1 1 1 0 1 0 0 1 0 0 0 0 0 0 1 1 1 0 0 1 0 1 1 0 0 0 0 0 0 0 1 1 0 0 0 1 0 1 0 1 0 1 0 0 0 1 1 
0 0 1 0 1 0 0 0 1 0 1 0 0 0 0 1 0 0 0 1 1 1 1 0 1 0 0 1 1 0 0 1 0 0 0 1 1 0 0 1 1 1 0 1 0 1 0 0 0 1 1 0 0 1 1 1 0 1 0 
0 0 0 1 0 1 1 0 1 0 0 1 0 1 1 0 0 0 0 1 1 0 0 0 1 0 1 1 1 0 1 1 1 1 0 1 0 1 1 0 0 1 1 0 1 1 0 1 0 1 1 0 1 1 1 1 1 0 0 
0 1 0 0 0 1 1 1 1 0 0 1 1 0 0 1 1 1 0 1 0 1 0 0 0 0 0 0 1 1 0 1 0 0 1 1 1 1 0 0 0 1 0 0 1 0 0 0 0 1 0 0 0 0 1 0 0 1 0 
1 0 1 0 1 0 0 1 0 1 1 0 1 0 1 1 0 1 1 1 1 1 0 0 1 0 1 1 1 0 1 1 1 1 0 0 0 0 1 1 0 0 1 1 0 1 1 1 1 1 0 1 0 1 0 0 1 1 1 
1 1 1 0 0 1 1 1 0 0 1 0 1 1 1 0 1 1 1 1 1 0 0 1 0 1 0 1 0 1 1 1 0 0 1 0 0 1 0 0 0 0 0 0 1 1 1 1 0 0 0 0 1 1 0 0 1 1 0 
0 0 0 1 1 1 1 0 0 1 1 1 0 0 0 0 0 0 1 1 1 0 0 1 1 1 0 0 0 0 0 1 0 0 0 0 1 0 0 1 1 0 1 0 0 1 0 0 1 0 1 0 0 0 0 0 0 1 1 
1 0 0 1 0 0 1 1 1 0 0 1 1 0 1 0 0 0 1 1 0 1 0 0 0 0 0 0 0 0 1 1 0 0 1 0 1 0 1 1 1 0 1 0 0 0 0 0 1 0 0 1 1 0 0 0 0 1 1 
11 62
0 1 1 0 1 0 1 0 1 1 0 1 1 1 1 0 1 1 1 0 1 0 1 1 1 1 1 1 1 0 1 1 0 1 1 1 0 1 1 1 0 0 0 0 1 0 1 0 1 1 0 0 0 1 1 1 1 1 0 0 0 1 
1 1 0 1 1 0 1 0 0 1 1 0 1 1 1 0 1 0 1 0 0 0 0 1 1 1 0 0 1 1 0 0 0 0 0 0 1 0 1 0 0 0 1 1 1 1 0 1 0 1 0 1 1 1 0 0 0 0 1 0 0 0 
1 0 1 0 1 0 0 0 1 0 0 1 0 1 0 0 0 1 0 0 0 1 1 1 0 0 0 1 1 1 1 1 1 0 1 1 1 0 1 0 1 0 1 0 0 0 0 1 1 0 1 0 0 0 1 1 0 1 1 0 0 0 
1 0 0 0 1 0 0 1 0 0 0 1 1 0 0 1 1 1 1 1 0 0 1 0 1 1 1 0 0 0 1 1 1 0 0 1 1 1 1 1 1 0 1 1 0 0 0 0 1 1 0 0 1 1 1 1 1 0 0 1 1 1 
0 1 1 1 1 1 1 1 1 0 0 0 0 0 0 1 0 1 1 0 0 0 0 0 1 1 1 0 1 1 0 0 0 0 1 0 0 0 1 1 0 1 0 1 1 0 1 0 0 0 0 1 1 0 0 1 0 1 0 0 1 1 
0 1 0 1 0 1 0 0 1 0 0 1 1 1 1 1 0 0 1 1 0 1 1 1 1 1 0 0 1 1 1 1 0 1 0 0 0 0 1 1 1 1 0 0 1 1 1 1 0 0 0 0 1 0 0 0 0 0 0 0 0 1 
1 1 0 1 1 1 1 0 0 1 1 1 0 1 1 1 0 0 1 0 1 1 0 1 0 1 1 1 1 0 1 1 0 0 0 0 0 1 0 0 0 0 1 1 0 0 0 1 0 0 1 1 1 0 1 0 1 1 0 0 1 0 
0 1 1 0 0 1 1 0 1 0 1 1 1 1 0 1 0 1 1 1 1 0 1 1 0 1 1 1 0 1 0 0 0 0 0 0 0 0 0 1 0 0 0 0 0 0 1 0 1 1 1 0 1 0 1 0 1 1 1 1 1 0 
1 0 1 0 1 0 0 0 1 0 0 1 1 0 1 1 0 1 1 0 1 1 1 0 0 0 1 1 0 0 0 0 1 0 1 0 1 1 0 1 0 0 0 1 1 0 1 1 1 0 0 1 1 0 0 1 0 1 1 1 1 0 
1 1 1 0 1 1 1 1 0 1 1 1 1 1 1 0 0 1 0 1 0 1 1 1 0 0 0 1 1 1 0 1 0 0 1 1 0 0 0 0 0 1 0 1 0 0 1 0 1 0 1 1 1 0 0 0 1 1 1 0 1 0 
1 1 0 0 0 1 0 0 1 1 0 0 1 0 0 1 0 1 0 1 1 0 1 1 0 0 0 1 1 0 1 0 1 1 1 1 1 1 1 1 0 0 1 1 0 0 0 1 1 0 1 0 0 0 0 1 0 0 0 0 1 0 
31 35
1 1 1 1 0 0 0 0 1 0 0 1 1 0 1 1 0 1 0 0 0 1 0 1 1 0 0 0 0 1 1 0 0 0 0 
1 0 0 1 1 1 1 1 0 0 1 0 0 1 1 0 1 0 1 0 0 1 1 1 0 0 1 1 0 0 1 1 0 1 1 
0 1 1 0 0 0 1 1 1 0 1 0 0 0 1 0 1 0 1 1 0 1 1 1 1 1 1 0 1 0 0 1 1 0 1 
1 0 0 1 1 0 0 1 0 1 1 1 0 1 0 0 0 0 1 0 1 0 0 1 1 0 1 1 0 1 1 0 0 1 0 
1 1 1 1 0 1 0 1 0 0 0 0 1 0 0 0 0 1 1 1 0 0 0 0 1 1 1 1 1 1 1 1 0 1 1 
0 1 1 0 1 1 1 1 1 0 1 1 1 0 1 1 0 0 1 1 1 1 0 1 0 0 0 0 0 0 1 1 0 0 0 
1 1 0 1 0 1 1 1 1 0 1 1 1 0 1 0 0 1 1 1 1 1 0 0 1 0 1 1 1 0 1 0 1 0 1 
1 1 1 1 0 0 0 1 1 1 1 1 1 0 1 0 0 1 0 0 0 1 0 0 0 1 1 1 0 0 0 0 1 0 0 
1 1 0 1 0 0 1 0 0 1 1 0 1 1 0 0 0 0 0 0 0 0 1 0 1 0 1 0 0 1 0 1 1 0 0 
1 1 0 0 0 1 0 1 1 1 0 0 1 0 1 0 1 1 0 0 0 1 1 0 0 0 1 0 1 0 0 1 0 1 0 
0 0 1 0 0 0 0 1 1 0 1 1 1 0 0 1 0 1 0 0 1 1 0 1 0 0 1 0 1 0 0 1 1 1 1 
1 1 0 0 0 0 0 1 0 0 0 0 1 1 0 1 1 1 0 0 0 0 1 0 1 0 0 1 1 0 1 1 1 0 1 
0 1 0 0 0 0 0 1 0 0 0 0 0 0 1 1 0 0 0 1 0 0 0 1 1 0 1 1 1 0 1 1 1 1 1 
1 0 1 1 1 0 0 0 0 0 0 1 0 1 0 1 1 0 1 0 0 0 0 0 1 0 0 1 1 1 0 1 1 0 0 
1 0 0 1 1 1 0 0 1 0 1 1 0 1 0 1 0 1 1 1 0 0 1 1 1 0 1 1 1 1 0 1 0 0 1 
0 1 0 0 0 0 1 0 1 1 1 1 1 0 1 1 0 0 0 0 0 1 1 0 1 1 1 1 1 0 0 0 0 0 0 
1 1 0 0 1 0 0 1 0 1 1 1 0 1 0 0 0 1 1 1 0 1 1 0 0 1 0 1 0 1 0 1 0 1 1 
0 0 0 1 1 1 0 0 0 1 1 0 1 0 0 1 0 0 0 1 0 1 1 1 1 1 0 1 0 1 0 1 0 0 1 
1 0 0 0 1 1 0 0 0 1 0 1 1 0 1 0 0 0 1 0 1 1 0 1 1 0 0 0 1 1 0 0 0 0 0 
1 0 0 0 1 1 1 1 0 1 0 1 0 1 1 1 1 0 1 1 0 0 0 0 1 0 0 0 1 0 0 0 1 0 0 
0 0 1 1 0 1 1 0 1 1 0 1 1 1 1 1 0 1 0 1 0 1 0 0 1 1 0 0 1 0 1 1 0 0 0 
0 1 0 1 1 0 1 1 0 0 1 0 1 1 0 1 0 1 0 1 0 0 0 0 0 0 1 1 0 1 1 1 0 1 0 
1 0 0 1 0 1 1 1 1 1 1 0 0 0 1 1 1 0 0 1 1 0 1 0 0 1 1 0 0 0 1 1 1 0 1 
1 0 0 0 0 1 0 0 1 0 1 0 0 1 1 1 0 0 0 0 0 1 1 1 1 0 1 1 0 0 0 0 1 1 0 
0 0 0 0 0 0 1 0 0 0 1 1 1 1 0 1 0 0 1 1 0 1 1 0 0 1 1 0 0 1 1 0 1 1 1 
0 0 0 1 1 1 0 1 0 1 1 1 0 0 0 0 0 0 0 1 0 0 1 0 1 0 0 1 1 0 1 0 1 1 1 
1 1 1 0 0 1 0 0 1 0 0 0 0 1 0 0 1 0 0 0 1 1 0 0 0 0 0 0 1 1 1 1 1 0 0 
0 1 1 1 1 0 1 1 0 1 0 1 1 1 1 1 1 1 1 0 0 0 0 1 0 1 0 1 0 1 1 0 1 0 0 
0 0 1 0 0 0 0 0 1 1 0 1 1 0 0 1 0 1 1 0 0 1 0 0 0 0 0 1 1 0 1 0 1 0 1 
0 1 1 1 0 1 0 0 1 1 0 0 0 0 1 0 0 1 0 0 1 0 0 0 0 0 1 1 0 0 1 1 0 0 1 
0 1 0 0 1 0 1 1 0 1 0 0 1 1 1 1 0 0 0 1 1 1 0 1 0 0 1 1 1 1 0 1 0 0 0 
9 15
1 0 0 0 0 0 0 0 1 1 1 1 1 1 1 
0 0 0 0 0 1 0 0 0 1 0 1 0 0 0 
0 1 1 1 1 0 0 0 1 1 0 1 1 0 1 
1 1 1 0 0 0 1 0 1 0 0 1 1 0 0 
0 1 0 0 1 0 0 1 1 0 0 1 1 0 1 
1 0 0 1 1 1 1 1 0 0 0 0 1 1 0 
0 0 1 1 0 0 0 0 1 1 0 0 0 1 1 
1 1 0 0 1 1 0 0 1 1 0 0 1 0 0 
0 1 0 0 0 0 0 1 0 0 0 1 1 0 1 
72 93
0 0 1 0 1 1 0 0 0 0 1 1 1 0 1 0 0 0 1 1 1 0 1 0 0 1 1 1 0 0 1 0 0 1 0 1 1 1 0 0 0 0 1 0 1 1 0 0 0 1 0 1 1 0 1 1 1 0 1 1 1 1 1 0 0 0 0 1 1 1 0 1 0 0 0 1 0 1 1 1 0 1 0 1 1 0 0 0 0 0 0 0 0 
0 0 0 0 0 1 0 1 0 1 1 0 0 1 1 0 1 1 0 1 1 0 0 1 1 0 1 1 1 0 1 0 1 0 1 1 1 1 1 1 0 1 1 0 0 1 1 1 0 1 0 1 1 0 1 1 1 1 0 0 1 1 1 1 0 1 0 1 1 0 0 0 1 0 1 1 0 1 0 0 0 1 1 0 1 0 1 1 1 1 1 0 0 
0 0 1 1 0 0 1 0 1 0 0 1 1 1 0 0 0 1 0 0 1 0 0 1 0 1 1 0 0 0 0 0 0 1 1 1 0 0 0 0 0 0 1 1 0 0 1 0 1 1 0 0 1 1 1 1 0 1 1 1 0 0 1 1 0 0 0 0 1 1 0 1 1 1 0 0 1 1 1 0 1 1 0 1 0 0 1 1 1 0 1 1 1 
1 0 1 1 1 0 1 1 0 0 1 1 0 1 1 0 1 1 1 1 1 0 1 1 0 1 1 0 0 1 0 1 0 1 1 0 1 0 1 1 0 0 0 1 0 1 1 0 1 1 0 0 0 0 0 0 0 0 0 0 0 1 1 0 0 0 1 0 1 1 0 1 1 1 1 1 0 1 0 0 1 1 1 0 0 0 0 1 0 1 0 1 0 
0 1 0 0 0 0 0 0 1 0 1 0 0 0 1 0 1 1 0 1 0 1 1 0 0 1 0 0 0 1 1 0 1 0 0 1 0 1 1 1 1 1 1 0 0 1 0 1 0 0 0 1 1 0 0 0 0 1 0 1 0 1 1 0 1 1 1 0 0 0 1 0 0 1 0 0 1 0 0 1 1 1 1 0 1 0 1 0 0 0 1 1 1 
0 0 1 0 0 1 0 1 1 0 0 0 1 1 1 1 1 1 0 1 0 1 0 1 1 0 0 0 1 1 1 0 0 1 1 0 1 0 1 0 0 0 0 0 1 0 0 1 0 1 1 0 1 0 1 1 1 0 1 1 0 1 1 0 1 0 0 0 0 1 0 1 1 0 1 0 1 1 0 0 1 1 1 0 0 1 1 1 1 1 1 0 1 
1 1 1 1 1 0 1 0 0 1 1 1 1 0 1 1 0 1 1 1 0 0 0 1 0 1 0 1 1 0 0 0 0 0 0 1 0 0 0 1 1 1 0 0 1 0 0 1 0 0 0 0 0 0 1 1 1 1 1 0 1 1 1 1 1 1 1 1 1 1 1 0 0 0 1 1 0 0 1 1 1 0 0 1 1 0 0 0 1 0 0 1 0 
0 1 0 1 0 1 0 0 0 0 1 0 0 1 0 0 1 1 1 1 0 0 0 1 0 1 1 1 0 0 0 0 0 1 1 0 1 1 1 1 0 1 1 0 1 0 0 1 0 1 1 1 1 0 0 1 1 0 1 0 0 0 1 1 0 0 0 0 1 1 0 1 1 1 0 0 0 1 1 0 1 1 1 0 0 0 0 0 0 1 0 0 1 
0 0 1 0 1 1 1 0 0 1 1 1 1 0 0 1 1 0 0 1 1 0 0 0 1 0 0 0 0 0 1 0 1 1 0 0 0 1 0 1 1 1 1 1 0 0 0 0 0 1 1 1 1 0 1 0 0 1 1 0 1 0 1 0 0 1 1 1 1 0 0 1 0 1 1 1 1 1 1 1 0 1 1 0 1 0 0 1 1 1 1 1 1 
1 0 0 1 1 1 1 0 0 0 1 0 1 0 0 0 1 1 1 1 0 1 1 1 1 1 1 1 0 1 0 1 1 1 1 1 1 0 1 1 1 0 0 1 0 0 1 1 1 0 1 0 1 1 1 1 0 0 1 1 1 1 1 0 1 0 1 1 0 0 0 0 1 1 0 0 0 1 1 0 1 0 0 1 0 1 1 1 0 1 0 0 0 
1 1 0 1 1 1 1 0 0 1 1 0 1 0 0 1 0 1 1 1 1 1 0 1 0 1 1 1 1 1 0 1 0 1 0 1 0 1 1 1 0 1 0 0 0 0 1 1 1 0 1 1 0 0 0 0 0 0 0 0 1 1 1 0 0 0 0 1 0 1 0 1 0 1 1 0 1 1 0 0 0 1 1 1 0 1 0 1 0 1 1 0 1 
1 1 1 0 1 1 1 0 0 1 0 1 0 1 0 0 1 0 0 0 0 1 1 0 1 0 1 0 1 1 1 1 0 0 1 0 1 0 1 0 1 1 1 1 1 1 0 1 1 1 0 1 0 1 1 0 0 0 1 0 0 0 0 1 0 0 0 0 1 1 1 0 0 0 0 1 0 0 0 0 0 1 0 0 0 1 1 0 1 1 1 1 0 
1 1 0 0 0 1 1 0 1 0 0 1 0 0 1 0 0 0 0 1 0 1 1 1 0 0 1 1 0 0 1 1 0 0 0 1 1 0 1 1 0 0 1 1 1 0 1 0 1 0 0 1 0 0 0 0 0 0 1 1 0 0 1 1 0 1 1 0 0 0 1 0 1 0 1 0 1 0 0 1 0 0 0 0 1 1 0 0 1 0 0 0 0 
1 1 1 0 1 0 0 1 1 1 0 1 1 0 1 0 0 0 0 0 0 0 1 1 0 1 0 0 1 1 0 0 1 1 1 0 0 0 0 0 1 1 0 0 1 1 1 0 0 1 0 0 1 0 0 0 1 0 0 0 1 0 0 0 0 0 0 1 1 1 1 0 0 0 1 1 0 0 1 1 0 0 0 0 1 1 1 0 0 1 1 1 0 
1 0 1 0 0 1 1 1 1 0 0 1 0 0 1 1 0 0 1 1 1 1 0 1 0 1 1 0 0 1 0 1 1 1 0 0 1 1 1 0 1 0 1 0 1 0 0 1 0 1 1 0 0 0 0 0 1 1 1 0 0 0 0 1 1 1 0 0 1 1 0 0 1 1 1 0 0 0 1 0 1 1 0 1 0 1 0 0 0 1 0 0 1 
1 1 0 1 1 1 1 1 0 0 1 1 0 0 0 0 0 1 1 1 0 1 1 1 1 0 1 1 1 1 1 1 1 1 1 1 0 1 0 0 1 0 1 1 0 0 0 0 1 0 0 0 1 0 0 0 1 0 0 1 0 1 1 1 0 1 0 1 0 0 1 0 0 1 1 0 0 1 0 1 0 0 1 0 1 0 0 1 0 0 0 0 0 
1 0 1 0 0 1 0 1 0 0 1 0 1 0 1 1 1 0 0 0 0 0 1 1 1 1 0 1 0 1 0 0 1 0 1 0 1 0 0 0 1 1 1 1 0 0 0 0 0 0 0 0 1 1 1 0 1 1 0 0 1 0 0 0 1 0 0 0 1 1 1 1 1 0 1 1 1 0 1 0 0 1 0 1 0 0 0 1 0 1 1 0 0 
1 0 0 0 0 0 1 0 0 0 1 0 0 0 1 0 0 0 1 1 0 1 0 1 1 1 1 1 1 0 1 0 0 1 1 1 1 0 1 0 0 1 1 0 1 0 0 1 0 0 0 0 1 1 0 1 1 1 1 0 0 1 0 1 1 0 0 0 1 0 0 0 1 1 0 0 1 1 0 0 0 1 0 0 1 0 0 1 0 0 0 1 1 
0 1 1 0 0 1 0 1 0 0 1 0 0 1 1 0 1 1 0 0 1 0 0 0 0 0 1 1 0 0 1 0 0 1 1 1 1 0 0 1 1 1 1 0 0 1 0 0 1 0 1 0 1 1 0 0 0 1 0 1 0 0 1 1 1 1 0 0 1 0 0 1 1 0 1 1 0 1 1 1 1 1 0 1 0 0 0 1 0 0 0 0 0 
1 1 0 1 0 1 0 0 1 1 0 1 0 0 1 0 0 0 1 1 1 0 1 0 0 1 1 0 0 0 0 0 0 0 1 1 1 0 1 1 0 0 1 1 0 0 0 1 0 0 0 0 0 0 1 1 0 0 0 0 0 1 1 1 0 1 1 1 0 1 1 1 0 1 0 1 0 0 0 1 0 0 0 1 0 0 0 0 1 0 1 0 1 
1 1 1 1 0 1 1 0 0 0 1 0 1 0 0 1 1 0 0 1 1 1 0 1 0 0 1 1 1 0 1 0 0 1 0 0 1 1 0 1 1 0 1 1 1 1 0 0 1 0 1 0 1 0 1 1 0 1 0 1 1 0 0 1 1 1 1 1 1 0 0 1 0 1 0 0 1 1 1 0 0 1 0 0 0 1 1 1 0 1 1 0 0 
0 0 1 1 1 0 1 1 0 0 1 0 1 0 0 1 0 1 0 1 1 1 0 0 0 0 0 0 0 1 1 0 0 1 1 1 1 0 0 0 1 0 0 0 1 1 1 0 0 1 0 0 1 1 1 1 1 0 0 1 1 1 1 1 0 1 0 0 1 1 1 1 1 0 1 1 0 0 0 1 1 0 1 1 1 0 1 1 0 1 0 0 0 
1 1 1 1 1 1 0 1 1 1 0 0 1 1 1 0 1 0 1 1 0 1 0 0 0 1 1 0 0 0 0 1 1 0 0 0 1 1 1 1 1 1 1 1 1 0 1 0 0 0 0 0 1 1 0 0 0 1 0 0 1 0 1 0 1 0 0 1 1 1 0 1 1 0 1 0 1 0 0 0 1 1 0 0 0 1 1 0 1 1 1 0 0 
0 1 1 0 0 0 1 0 0 0 1 0 0 1 0 1 1 0 0 1 0 1 0 1 0 0 0 1 0 0 1 1 0 1 0 0 1 1 0 0 0 0 0 0 0 1 0 1 0 1 0 1 0 0 0 0 1 0 1 0 1 0 1 0 1 0 1 1 0 0 0 0 0 0 0 1 0 0 0 0 1 0 0 1 1 1 0 0 0 1 1 0 0 
1 0 0 1 1 0 0 0 1 1 0 0 0 1 0 1 1 0 0 0 0 1 1 0 0 0 1 1 0 0 1 1 0 0 0 0 1 1 0 0 0 1 0 0 0 1 1 1 0 0 1 1 1 1 1 1 0 0 1 1 0 0 1 1 0 1 1 0 0 1 1 1 0 0 1 1 0 0 0 0 0 0 0 1 0 1 0 0 1 1 1 0 1 
1 0 0 1 1 1 0 0 0 1 0 0 0 1 0 0 0 1 0 0 1 1 0 0 0 1 0 0 0 0 1 0 1 1 1 0 1 0 1 0 1 1 0 1 0 0 1 0 1 1 0 0 0 0 1 0 0 0 0 0 1 0 1 0 0 1 0 1 1 1 0 1 1 1 1 1 0 1 1 0 0 1 0 1 1 0 0 0 1 1 1 1 1 
1 1 1 1 1 1 1 0 0 0 1 0 1 0 0 1 0 0 0 1 1 0 0 1 0 0 0 1 0 0 0 0 1 0 0 0 1 0 1 1 1 1 1 0 1 0 0 0 1 1 1 0 1 1 1 0 0 0 1 0 0 1 0 0 0 1 0 1 0 1 1 0 1 1 0 0 0 0 1 1 1 0 0 1 0 1 0 0 0 1 0 1 1 
0 0 1 1 1 1 0 0 1 0 1 0 1 0 0 1 1 1 0 1 0 0 0 0 1 0 1 0 0 0 1 1 1 0 1 1 1 1 1 1 1 1 1 1 1 1 1 0 0 0 1 1 0 1 1 1 0 0 1 0 0 1 0 1 1 0 0 0 1 1 0 0 0 0 1 0 0 0 1 1 0 0 0 1 1 1 0 0 1 1 1 0 0 
0 1 1 1 1 0 0 0 0 1 1 0 0 1 1 1 0 1 0 1 1 0 1 0 1 1 1 1 1 1 0 0 0 0 0 0 0 0 1 1 0 0 0 0 0 0 1 1 0 1 0 0 0 1 1 1 0 0 0 0 0 0 1 1 1 1 1 1 1 0 0 1 0 0 1 1 0 0 0 1 1 1 1 0 0 1 1 1 0 0 0 1 0 
1 0 0 1 0 1 0 1 1 0 1 1 1 1 0 0 1 0 1 1 1 1 0 0 0 1 0 0 1 1 1 1 0 0 0 1 0 0 1 1 0 1 0 0 1 1 0 1 1 0 0 0 0 1 1 0 0 0 1 1 1 1 1 1 1 1 0 0 1 0 1 1 0 1 1 1 0 1 1 0 0 1 0 1 0 0 0 0 1 1 0 1 0 
1 1 0 0 1 1 0 0 1 0 0 0 0 0 0 0 1 0 0 0 1 0 1 0 0 0 1 1 1 0 1 0 0 1 0 1 1 0 0 1 0 1 1 0 1 0 1 1 1 1 0 1 0 0 0 1 1 0 0 0 0 0 0 1 0 1 1 1 0 0 1 1 0 1 0 1 0 1 0 1 0 0 0 1 0 1 1 1 0 1 0 0 1 
0 0 1 1 1 0 1 1 0 1 0 0 1 0 0 1 0 1 1 0 0 0 1 1 0 1 0 1 1 1 0 0 1 0 1 0 0 0 1 0 0 1 0 0 0 0 1 1 1 1 0 1 1 1 1 0 1 0 0 0 1 0 0 1 1 1 1 1 0 0 0 1 1 0 1 1 1 0 1 1 0 1 0 0 1 0 0 0 1 1 1 1 0 
0 1 1 1 1 1 0 0 0 0 0 0 0 1 1 1 0 0 1 1 0 0 0 0 1 1 1 0 1 1 1 1 1 0 0 1 0 0 1 0 0 1 1 0 0 1 0 0 1 0 1 1 0 0 1 1 1 0 1 1 0 0 1 1 0 0 0 0 1 1 1 0 1 1 0 0 1 1 1 1 0 1 0 0 1 0 1 0 1 1 0 0 1 
1 1 1 1 0 1 1 1 1 1 1 0 1 1 0 1 1 0 1 0 1 0 0 0 0 1 0 1 1 1 0 1 0 1 0 0 0 0 1 1 1 1 0 0 1 0 1 1 0 1 1 0 1 1 1 0 1 1 1 0 1 1 0 0 1 1 0 0 1 0 1 0 1 1 1 0 0 1 1 1 0 0 0 0 1 1 0 0 1 1 0 1 1 
0 1 0 0 0 0 1 1 1 1 0 1 1 0 0 0 0 1 0 0 0 1 0 0 1 0 0 1 1 0 0 0 0 0 0 1 0 1 1 1 1 0 1 0 0 0 0 0 1 1 1 1 0 1 1 1 0 0 0 0 0 0 1 0 1 1 1 0 1 0 0 1 0 0 0 0 0 1 1 0 0 0 0 1 0 0 0 0 0 1 0 0 1 
1 1 1 0 1 0 1 0 0 1 0 1 0 0 0 1 0 0 0 0 1 0 1 0 1 1 1 1 1 0 0 0 0 1 1 1 0 1 1 0 0 1 0 1 0 1 1 0 0 1 0 0 1 1 1 0 0 1 0 1 0 0 1 1 1 0 0 0 1 1 0 1 1 0 0 1 1 0 0 1 0 1 0 0 1 0 0 1 1 1 1 1 1 
0 0 0 1 0 1 0 0 1 1 1 0 0 0 0 0 0 0 1 1 0 1 0 1 0 0 0 1 1 1 1 0 0 0 0 0 0 0 1 0 1 1 1 0 1 1 1 1 1 1 1 0 1 1 1 0 1 0 1 1 1 0 1 0 0 1 0 0 1 0 0 0 0 0 1 1 0 1 1 1 1 0 0 0 1 1 1 0 0 1 0 0 0 
0 0 0 0 0 0 0 1 1 0 0 0 0 1 0 1 1 1 0 1 1 0 1 0 1 0 1 0 0 1 1 1 0 1 1 0 1 0 1 1 0 0 1 0 1 1 0 0 1 0 1 1 1 1 0 1 0 0 0 1 0 1 0 1 0 0 0 0 0 0 0 1 1 0 1 0 1 0 0 0 1 0 0 1 0 1 0 1 0 0 0 0 1 
0 1 1 1 1 0 1 1 1 0 0 0 0 1 1 1 1 1 0 1 1 0 1 1 0 0 1 1 1 0 0 0 0 0 1 0 1 0 0 0 1 1 1 0 0 1 0 1 0 0 0 1 0 0 0 1 0 1 1 0 1 1 1 1 0 0 1 1 0 0 1 1 0 0 0 0 0 0 1 1 1 0 0 0 1 1 1 0 1 0 1 1 0 
1 0 0 0 0 0 1 0 1 0 0 1 0 1 0 0 1 1 1 0 1 1 0 0 0 0 1 0 0 0 1 0 0 1 1 1 1 1 0 1 0 1 1 0 0 1 1 0 1 1 1 0 0 1 0 0 1 1 0 0 0 1 0 0 0 1 0 1 0 1 1 0 0 1 1 0 1 0 1 1 1 0 1 1 0 0 0 1 1 0 1 1 1 
0 1 0 0 1 1 0 1 0 0 0 0 0 0 1 0 0 0 0 0 0 1 1 0 0 1 0 0 1 1 1 1 0 0 0 1 1 0 1 0 0 1 1 1 0 1 1 0 1 0 1 1 1 1 1 1 0 1 1 0 0 0 1 1 0 1 1 0 0 1 0 0 1 0 1 0 0 1 1 0 0 1 0 0 0 1 0 0 1 0 0 0 1 
0 1 0 0 0 0 0 0 0 0 1 1 1 0 1 1 0 1 1 0 1 0 0 0 0 0 0 1 0 0 1 0 1 1 1 1 1 1 1 0 0 1 0 0 0 1 1 1 0 0 1 1 0 1 0 1 0 1 0 0 0 1 0 1 1 0 1 0 1 0 1 1 1 1 0 1 1 0 0 1 0 0 1 1 0 1 1 0 0 0 1 0 0 
1 0 0 1 0 1 1 0 0 1 1 1 1 0 1 1 1 0 1 1 1 0 0 0 1 0 0 1 1 1 0 1 1 1 1 1 1 0 1 1 1 1 1 0 1 1 1 0 1 0 0 1 0 1 1 0 1 0 1 1 0 1 0 0 1 1 0 0 0 0 0 0 1 0 0 0 0 0 1 0 0 1 1 1 1 1 0 1 1 0 0 0 1 
0 0 1 1 1 0 0 1 0 1 0 0 1 0 1 0 0 0 1 1 1 0 1 0 1 1 0 0 0 0 1 1 1 1 0 0 1 0 0 1 1 1 1 1 1 0 1 1 1 0 1 1 0 0 1 0 0 1 1 0 1 1 0 1 1 0 1 1 0 1 0 0 0 0 1 1 1 1 1 0 0 0 0 1 1 0 1 1 0 0 0 0 0 
0 0 1 1 1 0 0 1 1 0 0 0 1 1 0 0 1 1 1 0 1 0 1 0 1 1 1 0 1 0 0 0 0 1 1 0 1 0 1 1 0 1 0 0 0 1 0 1 1 1 0 0 1 1 1 0 1 1 1 0 1 1 0 0 1 0 1 0 0 0 0 1 1 1 0 1 0 0 1 0 1 1 1 1 1 0 1 1 0 0 0 0 0 
0 1 1 1 1 0 0 1 0 1 1 1 1 0 1 0 0 0 0 0 1 1 0 1 1 1 1 1 0 0 1 1 1 1 0 1 0 0 1 1 1 0 0 0 1 1 1 1 0 1 0 1 1 1 0 0 1 1 0 1 0 1 0 1 1 0 0 0 1 1 0 0 1 1 1 1 0 0 1 1 0 0 1 0 1 1 1 1 1 1 0 0 1 
1 0 1 0 1 0 1 1 0 0 1 0 0 1 1 0 1 0 0 0 1 0 0 1 1 0 0 1 1 0 1 1 0 0 1 0 0 0 0 0 0 0 1 0 1 0 0 1 0 0 0 0 0 0 1 0 1 1 0 1 1 1 1 0 0 0 1 1 1 1 1 1 1 1 0 1 0 0 1 1 1 0 1 0 0 0 0 0 0 1 0 0 0 
0 0 0 1 1 0 0 1 0 0 1 1 0 1 1 0 1 1 0 0 1 1 1 0 1 0 0 1 0 0 1 1 1 1 1 0 0 1 1 1 0 1 0 1 0 1 1 0 1 0 1 0 1 1 1 1 0 1 1 0 0 1 0 1 1 1 0 0 1 1 1 1 0 0 0 1 1 0 1 0 1 1 0 0 1 0 1 1 1 0 1 1 1 
1 0 0 1 0 1 0 0 0 1 1 1 1 1 1 0 1 0 0 0 1 0 0 1 1 1 0 1 0 0 0 0 1 1 0 0 0 0 0 0 0 1 0 0 0 1 1 0 0 1 1 0 0 1 0 0 0 0 0 1 1 1 0 1 0 1 0 1 0 0 1 0 1 0 0 1 1 0 0 0 0 0 1 0 0 0 0 0 1 0 0 0 0 
1 1 0 0 0 0 0 1 1 1 0 1 1 1 1 0 0 1 1 0 1 0 0 0 1 1 0 1 1 1 1 0 0 1 1 0 0 0 0 0 1 0 0 0 1 1 0 1 0 0 0 0 1 0 0 1 0 0 1 1 0 1 0 1 1 1 1 1 1 1 1 0 0 1 1 0 1 1 0 0 0 1 0 1 1 0 0 0 0 1 0 0 1 
0 0 1 0 1 0 1 0 0 0 1 1 0 1 1 1 0 0 0 0 0 1 0 1 1 1 0 1 0 0 1 1 0 1 1 1 0 0 0 1 1 1 1 0 1 1 1 0 1 1 0 0 0 0 1 0 1 1 1 0 1 1 0 0 0 0 0 0 0 1 0 1 0 1 1 1 0 0 1 0 1 1 1 0 1 0 0 0 0 1 1 1 1 
0 1 1 1 1 1 1 1 0 1 1 1 1 0 1 0 1 0 1 1 0 1 0 1 0 0 1 0 1 1 1 0 1 1 0 1 1 1 0 0 1 1 1 0 1 0 0 0 1 1 1 0 1 0 0 1 1 0 1 0 0 0 0 0 0 1 1 0 1 0 1 1 1 0 1 0 1 0 0 0 0 0 0 1 0 1 1 0 0 1 0 1 1 
0 0 0 0 1 0 0 0 0 1 1 0 0 1 0 0 1 1 0 1 1 0 1 0 1 1 0 0 0 0 1 1 0 1 1 0 0 1 1 1 0 0 0 1 1 1 0 0 1 1 0 0 1 1 0 0 0 1 1 0 1 1 0 1 1 1 1 0 0 1 0 0 1 0 0 1 1 0 0 0 1 1 1 0 1 1 0 1 1 0 0 1 0 
1 0 0 1 1 0 0 0 0 0 0 1 1 0 1 0 0 1 1 0 0 1 1 1 1 0 0 1 0 1 1 0 1 0 1 1 0 1 1 1 1 1 1 1 1 0 0 0 0 1 0 0 0 0 0 0 1 0 0 0 1 0 1 0 1 0 0 1 0 0 0 1 0 1 1 0 0 1 1 0 0 0 0 0 0 1 0 1 1 0 0 1 1 
1 0 0 1 0 0 0 0 1 1 1 0 1 1 0 0 1 1 1 1 1 0 1 0 1 1 0 1 1 0 1 0 1 1 1 1 1 1 1 0 0 1 0 1 1 0 0 0 0 0 0 1 0 1 1 0 0 0 0 1 1 1 0 1 1 1 0 1 1 1 0 0 0 0 1 0 1 0 1 1 1 1 1 0 1 0 0 0 0 1 0 1 1 
1 1 0 1 1 1 1 1 1 0 0 0 0 0 1 0 1 1 1 0 1 0 1 1 1 1 0 0 1 0 1 1 0 0 1 1 0 1 1 1 0 0 0 0 1 1 1 0 0 0 1 1 1 0 0 0 1 1 0 0 0 1 0 1 1 0 0 1 0 1 0 1 0 0 1 0 0 1 0 1 1 1 1 0 0 0 0 1 1 0 1 0 1 
0 1 0 1 0 1 0 0 1 0 0 1 0 1 0 1 1 1 0 1 1 1 0 1 0 0 0 0 1 1 0 1 1 0 0 0 0 0 0 1 1 1 0 0 0 1 0 1 1 0 0 0 1 1 0 1 1 0 1 1 1 1 1 1 1 0 0 0 1 1 1 0 0 1 0 1 1 0 1 0 0 0 1 0 0 1 0 0 0 1 1 1 1 
0 0 0 0 1 0 0 0 0 0 0 1 0 0 1 1 0 0 1 1 0 1 0 0 0 0 1 1 0 0 1 1 0 1 1 1 1 0 0 1 1 0 0 1 0 0 1 0 1 1 1 0 1 0 1 1 0 0 0 1 0 1 1 1 1 0 1 1 0 1 1 0 1 1 1 1 1 1 0 0 1 0 1 0 0 1 1 0 0 1 0 1 0 
0 0 1 1 1 0 0 1 1 1 1 0 1 0 1 1 1 1 0 0 0 0 0 1 0 0 0 1 0 1 1 0 1 0 1 0 1 1 1 0 0 0 0 1 1 0 1 0 0 1 0 1 0 1 0 1 1 1 1 1 1 0 0 1 1 0 1 1 1 1 0 0 0 0 1 1 1 1 0 1 1 1 0 1 1 1 1 0 1 0 0 0 0 
0 1 1 0 0 0 0 1 1 0 0 0 1 0 0 1 0 1 0 1 1 0 0 1 0 1 1 0 0 0 0 1 1 0 0 0 0 1 0 1 0 0 0 1 0 1 0 1 0 0 0 1 0 1 1 0 1 1 0 1 0 1 1 1 0 1 0 0 0 1 1 1 1 0 0 1 0 0 0 0 0 0 0 1 0 0 0 0 0 0 0 0 1 
0 0 0 1 1 1 0 1 0 0 1 1 1 0 0 1 0 0 1 1 0 1 1 1 0 1 1 1 0 0 1 0 0 0 0 1 1 1 0 1 0 1 0 0 0 0 0 0 0 1 0 0 0 0 1 0 1 0 1 1 0 0 1 0 1 1 0 0 0 0 1 0 0 0 1 1 1 0 0 1 1 1 1 0 1 1 1 0 1 1 0 1 0 
1 0 0 1 0 0 1 0 0 1 0 1 0 0 0 1 0 1 0 1 1 0 1 0 1 0 1 1 1 1 1 1 1 1 0 1 1 1 1 1 1 1 0 0 1 1 1 1 1 1 0 1 1 0 0 1 1 0 1 0 0 1 1 0 1 0 1 0 0 1 0 1 0 1 1 1 0 1 1 1 1 0 0 1 1 1 1 0 1 1 1 1 1 
0 0 0 1 1 0 1 1 0 1 1 1 1 0 0 0 0 1 1 0 0 0 0 1 1 0 0 0 1 1 0 1 0 0 1 0 1 0 1 1 1 0 1 0 0 0 1 1 0 1 0 0 0 1 1 0 1 0 0 0 1 0 1 0 0 0 1 1 0 0 0 0 0 0 1 1 0 1 0 1 0 1 1 1 0 1 0 0 0 0 1 1 1 
1 0 0 0 1 0 1 0 1 0 1 0 1 1 0 1 1 1 0 0 0 1 1 0 0 0 0 0 0 0 0 1 1 1 1 0 0 0 1 0 0 0 0 1 0 0 0 0 1 0 0 1 0 1 0 1 1 1 1 1 0 1 1 0 1 0 1 1 0 1 1 0 0 1 0 1 0 0 0 0 1 1 1 1 0 1 0 0 1 0 1 0 1 
0 1 1 0 0 0 1 0 0 0 0 1 1 1 1 0 1 0 1 0 0 1 0 1 1 0 1 1 0 0 1 1 0 0 0 1 0 0 0 1 0 0 1 0 1 1 1 1 1 1 1 1 0 1 1 0 0 0 0 0 1 0 0 1 0 1 1 0 1 0 1 1 0 0 1 1 0 0 0 0 1 1 0 1 0 1 0 0 1 0 1 0 0 
1 1 0 0 0 1 0 1 0 0 1 0 0 1 0 0 0 0 0 0 0 0 1 1 1 1 0 0 0 0 1 0 1 1 1 1 1 0 0 1 0 0 0 0 1 1 0 0 0 1 1 1 0 0 0 1 1 1 1 0 0 1 0 1 0 1 1 0 0 0 1 1 0 1 1 1 0 1 0 1 0 0 0 0 1 1 1 1 1 0 1 0 0 
0 1 1 1 1 1 1 1 0 0 0 0 1 1 0 1 0 0 1 1 1 0 1 1 1 0 1 1 0 1 0 0 1 1 1 0 1 0 1 1 0 0 1 0 1 1 0 1 0 1 0 1 0 0 1 0 0 0 1 1 0 1 1 1 0 1 1 1 1 0 1 1 0 0 0 0 1 0 0 0 0 1 1 1 1 1 1 1 1 0 1 1 1 
0 1 1 1 0 1 0 0 0 1 1 1 1 0 1 1 1 0 1 0 1 1 1 1 0 1 0 0 1 0 0 1 0 1 1 1 1 1 1 0 0 1 0 1 0 1 1 0 0 0 0 0 1 1 0 1 0 0 1 1 0 0 0 0 1 0 1 1 0 0 0 1 0 0 0 0 1 0 1 1 0 1 0 1 0 0 0 1 1 1 0 1 0 
1 0 0 1 0 0 1 0 0 1 0 1 1 1 1 1 0 0 0 1 0 0 1 1 0 0 1 0 0 1 0 0 0 1 1 1 0 0 1 1 0 1 0 0 1 1 1 1 1 0 1 1 1 1 0 1 1 0 1 1 0 0 0 0 0 1 1 1 1 0 0 0 1 0 1 1 1 0 0 0 0 1 0 1 0 0 1 1 0 1 0 1 0 
1 0 1 1 0 0 1 1 0 0 1 0 1 1 0 1 1 0 1 0 0 1 0 0 1 0 1 0 1 1 0 0 1 1 1 0 1 1 1 1 1 1 1 1 1 1 0 1 0 1 1 1 0 1 0 1 1 1 0 1 1 0 1 1 1 0 0 1 0 1 0 0 1 0 1 0 0 1 1 0 0 0 1 0 1 1 0 1 0 1 1 0 0 
1 1 0 1 0 1 1 0 1 1 0 1 1 1 1 0 1 0 1 0 1 1 0 0 1 0 0 0 1 1 0 1 0 0 1 0 0 1 1 1 1 1 0 1 0 0 0 1 1 0 0 0 0 0 1 1 1 1 1 0 1 0 1 1 0 1 0 0 1 0 1 0 1 1 0 1 0 0 1 1 0 0 0 0 0 1 1 0 1 1 1 1 1 
0 0 0 1 0 0 1 0 0 0 1 0 1 1 1 1 0 1 1 1 1 0 0 1 1 1 1 0 1 1 0 1 1 1 1 1 0 0 1 0 0 1 0 1 1 0 1 0 0 1 1 0 0 0 0 0 1 0 0 1 0 1 0 1 1 1 0 1 1 1 0 1 0 1 1 1 0 1 0 1 1 0 1 1 0 1 0 1 0 1 1 0 1 
68 58
0 1 1 1 1 0 0 1 1 1 0 1 1 0 0 1 0 0 0 1 0 1 0 0 0 1 0 0 1 1 0 1 1 1 1 0 0 0 1 0 0 1 0 0 0 0 0 0 0 0 1 1 0 0 1 1 0 1 
0 0 0 0 1 1 0 0 0 1 0 1 0 0 1 0 0 1 1 1 1 0 1 0 0 1 1 1 1 1 1 1 0 1 0 1 0 1 1 0 1 0 1 1 0 0 1 0 1 0 1 0 1 1 1 0 0 1 
1 0 0 0 0 1 0 0 1 0 0 1 1 1 0 1 0 1 0 0 0 1 1 0 1 0 0 1 1 1 0 1 1 0 1 0 1 0 1 0 1 1 0 1 0 0 0 0 1 1 0 0 0 0 1 1 1 1 
1 0 0 1 1 1 0 0 1 1 0 1 1 1 1 1 0 1 0 0 0 1 1 0 1 0 1 0 0 1 1 0 0 0 1 1 1 0 0 0 0 1 0 1 1 1 0 1 1 1 0 1 0 1 0 1 0 0 
0 0 0 1 1 1 0 1 1 1 0 0 1 0 1 0 1 1 0 1 0 0 0 1 1 1 1 0 0 1 1 1 1 0 0 0 0 1 0 0 1 0 1 0 0 1 0 1 1 0 0 0 1 1 1 0 0 1 
1 0 0 1 0 1 0 1 1 0 0 0 1 1 0 1 1 1 1 1 0 0 1 1 1 0 0 0 1 0 1 1 1 1 0 0 0 0 0 0 1 0 1 1 1 1 1 0 0 1 0 1 0 0 0 0 0 0 
1 1 0 1 0 0 0 1 1 1 0 1 0 0 0 0 0 1 0 1 1 1 1 0 1 0 0 0 0 0 0 0 0 1 1 1 1 1 0 0 1 1 1 0 0 0 1 0 0 1 0 1 0 1 1 1 1 1 
1 0 1 0 0 0 1 0 1 0 0 1 0 0 0 0 0 0 0 0 1 0 1 0 1 1 0 0 0 0 1 1 0 0 1 1 1 0 1 1 0 0 1 1 0 0 1 1 1 0 1 1 1 0 1 0 1 1 
1 1 0 0 1 1 1 1 0 0 1 0 1 1 1 1 0 0 1 0 0 1 0 0 1 1 0 0 1 0 0 1 0 1 0 1 1 0 1 0 1 0 0 0 0 0 0 1 1 1 0 0 1 1 0 1 0 1 
0 0 1 1 0 0 0 1 1 0 1 0 1 1 1 0 1 0 1 0 0 0 0 0 1 0 0 0 0 1 0 1 1 0 1 0 1 0 1 0 0 1 0 0 1 1 0 1 1 1 1 0 0 1 0 0 1 0 
0 1 1 1 0 0 0 0 1 0 0 0 1 1 0 0 0 0 0 0 0 1 1 1 1 0 1 0 0 0 1 0 0 1 1 1 1 1 0 1 0 0 0 0 0 1 1 1 1 0 0 0 1 1 1 1 0 1 
1 1 1 1 1 0 0 1 0 1 1 0 1 1 1 1 0 1 1 1 1 1 0 1 0 1 0 1 1 0 1 0 0 0 1 0 0 0 0 1 0 1 0 1 0 0 0 0 0 1 0 1 1 0 0 0 1 1 
1 1 1 0 0 1 0 1 0 0 1 1 0 0 1 1 0 1 0 0 1 0 0 1 1 0 0 1 1 1 1 0 0 0 1 1 1 0 1 0 1 0 0 1 1 0 1 1 0 0 1 1 0 1 1 1 1 1 
0 1 1 0 1 0 1 1 1 0 1 1 1 1 1 0 0 1 0 1 1 1 0 1 0 0 0 0 0 0 0 1 0 0 1 0 1 1 0 0 0 0 0 0 1 1 1 1 1 0 1 0 0 0 0 1 0 0 
0 0 0 0 1 1 1 0 1 1 0 0 0 0 1 1 0 0 0 0 0 1 0 0 0 0 1 0 1 1 1 1 0 0 1 0 0 0 1 1 1 0 1 1 0 1 1 0 0 1 1 0 1 1 0 1 1 1 
0 1 0 0 0 0 0 1 1 0 1 1 1 1 1 0 1 0 1 0 0 1 1 0 0 1 1 1 1 0 0 0 0 1 1 1 1 1 0 0 0 0 1 0 0 0 0 0 0 1 1 1 1 0 1 1 1 1 
1 0 1 0 0 1 1 0 0 1 1 0 0 0 0 0 1 0 0 0 1 1 0 0 0 1 0 1 0 0 1 0 0 1 1 1 0 1 1 0 1 1 1 1 1 1 1 0 1 0 0 0 0 0 0 1 1 1 
0 0 0 0 1 0 0 0 1 0 0 0 0 1 1 1 1 0 0 0 0 1 0 1 1 0 1 0 1 0 0 0 0 1 1 0 0 1 1 0 1 1 0 1 1 1 1 0 0 1 1 1 0 0 1 0 1 0 
0 1 0 0 1 1 0 0 0 0 0 1 1 1 1 0 1 1 0 1 0 1 0 1 0 0 0 1 1 0 0 0 0 0 1 1 1 0 1 1 0 0 0 1 1 0 0 1 1 1 1 1 1 1 0 0 0 0 
0 1 0 0 1 0 1 1 1 1 0 0 1 1 1 1 1 1 1 1 1 0 0 0 1 0 0 1 1 1 1 0 1 0 1 1 1 0 1 0 1 1 1 1 1 0 1 1 1 1 1 1 0 1 1 0 1 1 
1 0 0 1 1 0 0 0 0 0 1 0 1 0 1 0 0 0 0 0 1 1 1 1 0 1 1 0 0 0 1 0 0 1 1 0 1 0 1 1 1 1 1 1 0 0 1 1 1 1 0 1 1 0 1 1 1 0 
0 0 0 1 0 1 1 0 0 0 1 1 0 1 1 1 0 1 0 0 0 1 1 1 0 1 1 1 1 1 0 1 0 1 1 0 1 1 1 0 1 1 0 1 0 0 0 1 1 1 1 0 1 0 0 1 1 0 
0 1 0 1 1 0 1 0 1 0 0 1 1 1 0 1 0 1 0 1 0 0 0 0 0 1 0 0 0 1 1 0 0 1 0 0 1 0 1 0 1 0 0 1 0 0 1 1 1 1 0 0 1 1 0 0 1 1 
0 0 0 0 1 0 1 0 1 0 0 0 1 0 1 1 1 0 0 1 1 1 0 1 1 0 0 1 1 1 0 1 0 0 0 0 0 0 0 0 1 1 0 1 0 1 1 0 0 0 1 0 1 0 1 1 0 0 
0 1 0 1 1 0 1 1 0 0 0 0 1 0 1 1 1 1 0 1 0 0 0 1 0 1 0 0 0 1 1 0 1 1 1 0 1 1 1 0 1 0 1 0 1 1 0 0 0 0 1 1 1 1 1 1 0 1 
0 0 0 0 1 0 1 0 1 1 1 1 0 1 0 1 0 0 0 0 1 0 0 0 0 0 0 0 0 0 0 0 1 0 1 1 1 0 1 0 1 0 1 1 1 0 1 0 0 0 0 0 0 1 1 1 1 0 
1 0 0 0 0 0 0 1 1 1 1 0 1 1 1 1 1 0 1 0 0 0 0 0 0 0 1 1 1 0 0 0 0 0 1 0 0 1 0 1 1 0 0 1 1 0 0 0 1 0 1 1 1 0 1 0 0 1 
1 0 0 1 1 0 1 1 1 0 0 0 0 1 1 1 1 1 0 0 1 1 0 0 1 0 0 0 1 0 0 0 1 1 1 1 1 0 1 0 0 1 0 0 0 1 0 1 0 0 0 1 1 0 0 0 0 1 
1 1 0 1 1 0 1 0 0 0 1 0 1 0 0 0 0 0 0 0 1 1 1 0 1 1 0 1 1 0 1 1 0 1 1 1 0 1 0 1 1 0 1 0 1 0 1 1 0 1 0 0 1 0 1 1 0 1 
0 0 0 1 0 0 0 0 1 0 1 0 1 0 1 0 1 1 1 1 1 0 1 1 0 1 0 0 1 1 1 1 0 1 0 0 1 0 0 1 0 0 0 0 0 1 1 1 1 1 1 1 0 1 0 0 0 1 
1 0 0 0 0 0 1 1 1 1 1 0 1 1 1 1 1 0 0 0 1 1 0 1 0 1 0 0 1 1 0 0 1 0 1 0 0 1 1 0 1 0 1 0 1 1 1 1 0 1 0 1 1 0 0 0 1 0 
1 0 0 0 0 0 0 1 0 1 0 1 1 1 1 0 0 1 1 0 0 0 0 1 0 1 0 1 1 0 0 1 1 1 0 0 0 1 0 1 1 1 0 1 0 1 1 1 0 1 1 0 0 1 0 1 0 0 
0 0 0 1 1 1 0 0 1 0 1 0 0 1 1 1 0 0 0 0 1 0 1 1 1 1 0 0 0 1 1 0 1 0 0 1 0 0 1 1 1 1 0 1 0 0 1 1 1 1 0 0 1 0 1 1 0 0 
0 1 0 0 1 1 1 0 1 0 1 1 1 1 1 0 0 0 0 0 1 1 1 0 1 0 0 0 0 1 0 1 0 0 0 0 0 1 1 1 1 1 1 0 1 0 1 0 1 1 1 0 0 1 0 0 1 0 
1 1 0 1 1 1 0 1 1 0 0 0 0 0 1 1 1 0 1 0 1 0 0 0 0 0 1 1 0 1 1 1 0 0 1 1 1 1 1 0 0 1 0 0 0 0 0 0 1 1 1 0 0 0 1 1 0 1 
0 0 0 0 0 1 1 0 1 0 1 0 1 1 1 0 0 1 1 0 1 1 1 0 0 0 0 1 0 0 0 1 0 1 0 1 0 1 0 1 0 1 0 1 1 0 0 0 1 1 1 0 1 0 0 0 1 1 
0 0 1 1 1 1 0 0 0 0 1 1 0 0 1 0 0 0 0 1 1 1 0 1 1 1 0 1 0 0 0 0 0 0 1 1 0 0 0 0 0 1 0 1 1 1 1 0 1 0 1 1 1 0 0 1 0 0 
0 0 1 1 0 1 0 0 0 0 0 1 0 1 0 1 0 1 1 0 1 1 1 1 0 0 0 1 1 1 1 0 0 0 0 1 0 1 1 1 0 0 0 1 1 1 1 0 0 0 1 0 1 1 1 1 1 0 
0 1 1 1 1 0 1 1 1 1 0 1 1 0 0 1 0 1 0 0 0 1 0 0 0 0 1 0 0 1 0 1 0 0 1 1 1 1 0 0 1 0 1 0 1 1 1 1 0 1 0 0 0 1 0 0 0 0 
0 0 0 0 1 1 1 1 0 1 0 0 1 1 0 1 0 1 1 1 1 0 0 0 0 1 1 0 0 1 1 0 1 0 1 1 0 0 1 1 1 1 1 1 0 1 0 1 1 0 1 0 1 0 1 0 0 0 
1 0 1 1 0 1 1 0 1 1 1 0 0 0 0 0 1 1 1 0 0 1 1 0 0 0 1 0 1 1 0 1 1 1 0 0 1 1 0 1 0 0 0 0 1 1 0 0 0 0 0 0 0 0 1 1 0 0 
0 1 0 0 1 1 1 1 0 0 0 1 0 0 1 0 1 0 0 0 0 1 0 1 1 1 0 1 1 1 1 1 1 1 1 0 0 1 1 1 0 1 1 0 1 1 1 0 1 1 1 0 0 1 0 0 0 1 
1 1 1 0 0 1 0 1 1 0 1 1 0 0 0 1 1 1 1 1 0 0 1 1 0 1 0 0 0 0 1 1 0 0 0 0 1 0 0 1 0 1 1 1 0 1 0 0 1 1 0 1 0 1 0 1 0 0 
1 0 0 0 0 1 1 1 1 1 0 1 0 1 0 1 1 0 0 0 0 1 1 1 0 0 0 0 0 0 1 0 0 1 1 0 0 0 0 0 1 1 0 0 1 1 0 1 1 1 0 0 0 0 1 0 1 1 
0 1 1 0 1 0 0 1 1 1 0 0 1 1 0 0 1 0 1 0 0 0 0 0 0 0 1 1 1 0 1 0 0 0 0 0 0 1 1 0 0 1 1 0 0 0 0 0 0 1 0 0 0 1 0 0 1 1 
0 0 0 0 1 0 1 0 0 0 0 1 1 1 1 1 1 0 0 1 1 0 1 1 1 0 0 1 0 1 1 0 0 1 0 0 0 1 1 1 1 1 0 1 0 0 1 1 0 1 0 1 0 0 0 0 1 0 
1 1 1 1 0 1 1 0 1 0 1 1 1 0 0 1 1 1 1 1 0 0 1 1 0 1 1 0 0 0 0 1 0 0 1 0 1 1 1 1 0 1 0 0 1 0 0 1 0 1 0 0 0 1 1 1 0 0 
0 0 1 0 1 1 1 1 1 0 1 0 1 1 0 0 1 0 1 1 1 0 1 0 1 1 1 0 1 1 0 0 1 0 0 1 1 0 0 1 0 1 0 0 0 0 1 1 1 1 0 1 0 1 0 1 0 0 
1 1 1 0 1 0 1 1 1 0 0 1 1 0 0 1 0 0 0 1 1 0 1 1 0 0 0 1 0 0 0 1 1 1 1 0 0 1 0 0 0 1 1 1 1 1 1 0 1 1 0 1 1 0 0 1 1 0 
1 0 1 1 1 1 0 0 1 0 1 0 0 1 0 1 1 0 1 1 1 1 1 0 1 0 1 1 0 1 0 0 0 1 1 1 1 0 0 1 1 1 0 0 1 1 1 1 0 1 1 1 1 0 1 0 1 0 
1 0 1 0 1 1 0 0 1 0 0 0 1 1 1 0 1 1 0 0 1 0 0 0 1 0 1 0 0 1 1 1 1 0 1 1 0 1 1 0 0 1 1 1 0 1 1 0 0 0 0 0 0 1 0 1 1 1 
1 0 0 1 0 1 0 0 0 0 0 1 1 1 0 0 1 1 1 0 1 1 0 1 0 1 1 0 1 0 1 1 0 0 1 1 0 1 1 1 0 1 0 1 1 0 0 1 0 0 0 1 1 0 0 1 0 1 
1 0 0 1 0 0 0 0 1 1 0 1 0 0 1 0 0 1 0 1 1 1 1 0 0 1 0 1 0 0 0 0 0 1 0 0 1 1 0 1 1 0 0 1 1 0 1 1 0 1 1 1 0 1 1 1 1 1 
1 0 0 1 1 0 0 0 1 1 0 0 1 0 0 1 1 1 0 1 0 1 1 0 1 0 1 1 0 0 0 1 1 1 1 1 0 0 0 1 1 0 1 1 1 1 0 1 0 1 0 0 1 0 0 0 0 1 
1 1 1 1 1 0 0 0 1 1 1 0 0 1 1 0 1 1 1 1 1 1 1 1 1 1 1 0 0 0 0 0 0 0 0 1 0 0 0 1 0 0 1 0 0 1 0 1 0 1 0 0 1 1 1 1 1 0 
1 1 0 0 0 0 0 0 0 1 0 1 0 0 1 0 1 0 1 1 0 0 0 0 1 0 1 0 1 1 1 0 1 1 0 1 1 1 0 0 0 1 1 1 1 1 0 0 1 0 1 1 0 0 0 1 0 1 
1 0 1 1 0 0 1 0 0 0 1 1 0 1 0 1 1 0 0 0 0 1 0 0 0 0 1 1 0 0 1 1 1 0 1 0 0 0 0 0 0 0 1 0 0 0 1 0 1 1 1 0 1 0 1 0 1 0 
1 1 1 0 1 1 0 0 1 0 1 0 1 1 1 0 0 0 1 0 0 1 1 1 0 1 1 1 0 1 1 0 1 1 1 0 1 1 0 1 1 0 0 1 1 1 0 1 0 0 1 0 1 0 1 1 1 1 
1 0 0 0 0 1 0 0 0 0 0 0 0 0 1 1 1 1 0 1 1 0 0 0 0 1 0 0 0 1 0 0 1 1 0 1 0 0 0 0 1 0 0 0 1 1 1 1 0 1 1 1 0 1 0 1 1 1 
0 1 0 0 1 0 1 0 0 1 1 0 0 0 0 1 1 0 0 1 1 0 1 0 1 1 0 1 1 1 0 1 0 1 0 1 0 1 0 0 0 0 1 0 0 0 1 0 1 0 1 0 1 1 1 1 0 1 
1 0 0 1 0 0 1 0 0 1 1 1 1 1 1 0 1 1 1 0 1 1 0 0 0 1 1 0 1 1 0 1 1 0 1 1 1 1 0 0 0 1 0 1 0 0 0 1 0 0 0 0 0 0 0 1 1 0 
1 0 1 1 0 1 0 0 1 1 1 1 1 1 1 0 0 1 1 1 0 0 0 1 1 0 0 0 1 0 0 0 1 1 1 0 1 1 1 1 1 0 1 1 0 1 1 1 0 1 0 0 0 1 1 1 1 0 
0 1 1 1 1 0 0 0 1 0 1 0 1 1 1 0 1 0 0 1 1 0 1 1 1 1 0 1 1 1 0 1 0 0 0 1 0 1 1 1 0 0 0 0 0 0 1 0 1 1 0 1 1 0 1 1 1 0 
0 0 1 0 1 1 1 0 1 0 0 0 0 0 0 0 0 0 0 1 1 0 0 1 0 0 1 0 0 1 1 0 1 1 0 1 1 1 1 0 1 0 0 1 0 1 1 1 1 0 1 0 1 1 1 0 1 1 
0 1 1 1 1 0 0 0 0 1 1 0 0 1 1 1 0 1 0 1 0 1 0 1 0 0 1 1 0 1 0 0 0 0 1 1 1 1 1 1 1 1 1 0 1 1 1 1 0 0 0 0 0 0 0 0 0 0 
1 0 1 1 1 1 1 0 1 0 1 1 1 0 1 1 1 1 0 1 1 0 1 1 1 1 1 1 1 1 1 1 1 0 0 1 1 1 0 0 1 0 0 1 1 1 1 0 1 1 0 1 0 0 1 0 1 1 
1 0 1 1 1 0 1 1 1 0 1 1 1 0 1 0 1 0 1 1 0 0 1 0 1 0 1 1 0 0 1 0 1 0 0 0 0 0 1 0 1 1 1 1 0 1 1 1 0 1 1 0 1 0 1 1 1 0 
0 0 1 0 0 0 1 1 1 0 1 0 1 1 1 1 0 0 0 1 1 1 1 1 0 0 0 0 0 0 1 0 0 1 0 1 0 1 1 0 0 0 0 0 1 1 1 0 1 0 1 0 1 0 0 0 1 0 
20 41
1 1 1 1 0 1 1 0 0 1 1 1 1 0 1 1 0 0 1 1 0 1 0 1 1 1 1 1 1 0 0 0 1 1 1 1 1 1 1 1 1 
0 0 0 1 0 1 1 1 1 1 1 1 1 1 1 1 1 1 0 1 0 1 1 0 0 0 1 1 0 0 1 1 0 1 1 1 0 0 0 1 0 
0 1 1 0 0 1 1 0 1 0 1 0 1 1 0 0 1 1 0 1 1 1 1 0 0 0 1 0 1 1 0 1 1 0 1 0 0 0 0 1 1 
1 1 1 0 0 0 1 1 0 1 0 0 0 1 0 1 0 1 1 0 1 0 0 0 1 0 1 1 0 1 0 1 0 0 1 0 0 1 0 0 0 
1 0 1 1 0 0 0 1 0 1 1 0 0 0 1 1 0 0 0 1 1 1 0 0 1 0 1 0 0 1 0 0 1 0 1 1 1 0 0 0 0 
1 1 0 1 1 0 0 1 1 1 1 0 0 0 0 1 1 0 1 1 0 1 1 1 0 0 1 0 0 1 1 1 1 0 0 1 0 0 1 1 1 
0 1 0 1 1 1 0 0 0 0 0 0 1 0 0 1 0 0 0 0 1 1 1 0 1 0 1 0 1 0 0 1 0 1 0 0 0 1 0 1 1 
0 1 1 1 0 0 1 0 1 1 0 1 0 1 0 0 1 0 1 1 0 0 1 1 1 1 1 1 1 1 0 1 1 0 1 1 0 0 0 1 0 
0 1 0 0 0 1 1 0 0 1 1 1 1 1 1 1 0 1 1 1 1 1 0 1 1 0 1 1 1 0 0 0 0 1 0 0 0 1 1 0 0 
0 0 0 1 0 1 0 1 0 0 1 0 0 1 1 0 0 1 1 1 0 1 0 0 1 1 0 1 1 0 0 1 0 0 0 0 1 1 0 0 1 
0 0 1 1 0 1 1 0 0 1 1 0 0 1 0 0 0 1 1 1 0 1 1 0 1 1 0 0 1 0 1 1 0 1 1 1 1 0 0 1 0 
0 1 1 1 0 0 0 1 1 1 0 0 0 1 1 0 0 1 0 0 0 0 0 0 0 1 0 1 1 0 1 1 1 0 0 0 0 0 1 0 1 
1 1 1 1 0 1 1 1 1 1 1 1 1 0 0 1 1 0 1 1 0 1 0 1 1 1 0 0 0 1 1 1 1 0 0 1 0 1 0 1 1 
1 0 0 0 0 1 1 0 1 1 1 1 1 0 1 0 1 1 0 0 0 1 1 0 1 0 1 0 1 1 0 0 0 1 0 1 1 0 0 0 1 
1 0 1 1 1 0 0 1 1 1 1 1 1 1 1 0 0 0 0 1 1 1 0 0 0 0 0 1 1 1 1 0 0 1 1 1 1 0 0 0 0 
0 0 0 1 1 0 1 1 1 0 1 0 1 0 1 1 1 0 1 0 0 1 0 0 0 1 1 1 0 0 1 1 0 0 1 1 0 0 1 0 1 
0 1 0 1 1 1 0 0 0 1 1 1 1 1 1 0 1 1 1 0 1 0 1 0 1 0 1 1 1 1 0 1 1 0 1 0 1 1 1 1 1 
1 0 1 1 0 1 0 1 1 1 0 0 0 1 1 0 1 0 0 0 1 1 0 1 0 1 0 1 1 1 1 1 1 0 1 1 1 1 1 0 0 
1 1 1 1 0 0 1 0 0 0 0 0 1 1 0 0 1 0 1 0 1 1 0 1 0 1 0 1 0 0 0 0 0 0 0 1 1 0 0 1 1 
1 1 0 0 0 1 1 0 0 0 1 0 0 1 1 0 1 1 1 0 0 1 1 1 1 0 0 1 0 1 0 0 1 0 1 1 0 1 1 1 0 
8 101
0 1 1 0 0 0 0 1 1 0 0 1 0 0 0 0 1 0 1 1 0 0 0 1 0 0 0 0 0 1 0 1 1 1 0 0 0 0 0 1 1 0 0 0 1 0 1 1 0 1 0 1 1 0 1 0 1 1 1 0 1 0 0 1 0 1 1 0 1 0 0 0 1 1 1 0 0 1 0 1 0 0 0 0 1 0 0 0 1 0 1 1 1 0 0 1 0 0 1 1 0 
1 0 1 1 1 1 1 0 0 1 0 1 0 0 1 1 0 0 0 1 0 0 0 0 0 0 1 0 1 1 1 0 0 1 0 1 0 1 0 0 0 0 1 0 0 1 1 1 1 1 0 1 0 1 0 0 0 0 0 0 0 1 0 0 0 1 0 0 1 1 0 1 0 0 0 1 1 1 0 1 0 0 1 1 0 1 1 0 0 1 0 0 0 1 0 1 1 1 1 0 1 
1 1 0 1 0 1 0 0 1 0 1 1 1 0 0 1 0 0 0 0 0 1 0 0 0 1 0 0 0 1 0 0 1 0 0 0 0 0 0 1 0 0 0 0 1 1 0 0 0 1 1 1 0 1 0 1 1 0 0 1 0 0 1 0 0 1 0 0 1 1 1 1 0 0 1 1 1 0 1 0 0 0 1 1 0 0 0 0 1 0 0 1 0 0 0 0 1 0 1 0 0 
0 0 0 1 1 0 0 1 0 0 0 1 1 0 0 0 0 0 1 0 1 0 0 0 1 1 0 0 1 0 0 1 1 1 0 0 1 1 0 0 0 1 1 0 0 1 0 0 1 0 1 1 0 0 1 1 0 0 1 0 1 1 1 1 1 0 0 0 1 0 0 0 0 0 0 1 0 0 1 1 0 0 0 1 1 1 1 0 1 1 1 0 0 0 1 1 1 0 1 0 1 
0 0 0 1 0 0 0 1 0 0 0 1 0 1 0 0 1 1 0 1 0 0 0 1 0 0 1 1 1 1 1 1 1 1 1 1 1 0 1 0 1 1 1 1 0 0 0 1 0 0 1 1 1 0 1 1 1 0 1 0 0 0 1 1 1 1 1 0 0 0 1 0 1 1 1 1 0 0 0 1 1 0 1 1 0 1 1 0 1 1 0 0 1 1 0 0 1 0 1 0 1 
1 0 1 1 1 1 1 1 0 1 0 0 0 0 1 1 0 1 1 1 0 1 1 0 0 1 0 0 0 0 1 0 0 0 1 1 0 1 1 0 1 1 1 0 0 0 1 0 0 0 1 1 1 1 1 0 0 1 0 0 1 1 1 0 0 0 0 1 1 0 0 1 0 1 0 1 0 1 1 0 0 0 1 0 0 0 1 1 0 0 1 1 0 0 0 1 0 0 0 0 1 
1 1 0 1 0 0 1 1 1 0 0 0 0 0 0 1 1 1 1 1 1 1 1 1 1 1 1 1 1 1 0 1 0 0 0 1 1 1 1 0 0 0 1 1 1 0 1 1 1 0 0 0 1 0 1 1 1 0 1 0 0 1 1 0 0 0 1 0 0 1 1 1 0 0 1 0 1 0 0 1 0 1 1 0 0 0 0 1 1 0 1 1 1 1 0 0 0 1 1 0 1 
0 1 0 0 0 0 0 0 0 1 0 1 0 1 0 1 1 1 1 1 0 1 1 1 1 1 0 0 1 0 0 1 0 0 0 1 1 1 0 1 0 0 1 0 1 0 0 1 1 1 1 0 0 0 1 1 1 1 0 0 0 1 1 1 0 1 1 1 1 0 0 1 0 0 0 0 0 0 1 0 0 1 1 1 0 0 0 0 1 0 0 1 0 1 0 0 0 1 0 1 0 
20 106
1 0 1 1 0 1 1 1 1 1 0 1 0 0 0 1 0 1 0 1 0 1 0 0 0 1 1 1 0 1 1 1 0 0 1 1 0 0 0 1 1 0 1 0 0 0 1 1 1 1 0 0 0 1 0 1 0 1 0 0 0 0 1 1 0 0 1 0 0 1 0 1 0 1 1 1 0 1 0 1 0 1 0 1 1 1 1 1 0 1 1 0 0 0 1 1 1 0 1 1 1 1 1 1 0 0 
0 0 0 1 1 1 0 0 0 0 1 1 0 0 1 1 1 0 0 0 1 0 0 1 0 1 1 0 1 1 0 1 0 0 0 0 0 0 0 0 1 0 0 0 1 1 0 0 1 0 1 0 1 1 0 1 0 1 0 0 0 0 1 0 1 1 1 0 1 0 0 0 0 1 0 1 0 0 1 0 1 0 0 1 1 0 1 1 1 0 0 1 1 0 0 1 0 1 0 1 1 0 0 1 0 0 
1 0 0 1 1 0 1 1 1 0 0 1 0 0 0 0 0 1 0 0 0 1 0 0 0 1 1 0 0 1 0 0 1 1 0 0 0 0 1 1 1 0 1 1 0 0 1 0 0 0 1 1 1 0 1 0 0 0 0 1 0 0 1 0 0 1 0 0 1 1 0 1 1 0 0 0 1 1 1 0 1 0 1 1 1 1 1 0 0 0 0 0 0 1 0 1 0 1 0 1 1 1 1 0 1 0 
1 1 0 0 0 1 0 1 1 0 1 1 0 0 0 1 0 1 1 1 0 0 1 1 1 0 0 1 1 1 0 1 1 1 0 1 0 1 0 0 1 1 0 0 1 1 1 0 0 1 0 0 0 0 1 0 1 1 1 0 1 1 1 1 0 1 1 1 0 1 1 1 1 1 0 0 1 0 0 1 0 0 0 1 0 1 0 0 0 1 1 1 0 1 0 0 0 0 0 0 0 0 1 0 1 0 
0 1 1 1 1 1 1 1 1 0 0 0 1 1 0 1 0 1 1 0 1 0 0 1 1 1 0 1 0 1 1 0 0 1 0 0 1 1 1 0 0 1 0 0 1 1 0 0 1 0 1 0 1 1 0 1 1 0 1 1 0 0 1 0 1 1 1 1 1 0 0 0 1 0 1 0 0 0 1 1 1 1 1 0 1 1 0 1 1 1 0 0 1 1 1 0 0 1 1 0 1 1 0 0 1 1 
0 1 0 0 1 1 0 0 1 1 0 0 1 1 1 0 0 1 1 0 1 1 1 1 1 0 0 0 0 1 1 0 1 0 1 1 0 1 1 1 1 0 0 0 1 0 0 1 1 1 0 0 1 0 1 1 0 0 1 0 1 0 1 1 0 0 0 0 0 1 0 0 0 0 1 1 1 1 0 1 1 1 0 1 1 0 1 1 0 0 0 1 1 1 0 1 1 0 1 1 0 0 0 1 0 0 
1 0 1 1 0 0 0 0 0 0 0 0 0 1 1 1 1 0 0 1 0 0 1 1 0 0 0 1 0 0 1 1 1 1 1 1 1 1 0 1 1 1 1 0 0 1 1 1 1 1 0 0 0 1 0 1 0 1 0 1 0 1 0 1 1 0 0 0 0 1 0 1 0 1 0 1 1 1 1 0 1 1 0 1 1 1 0 1 0 0 1 1 1 0 1 1 1 1 0 1 1 0 1 1 1 0 
1 1 0 1 0 0 0 0 1 0 1 0 0 0 0 1 0 0 1 1 1 1 1 0 0 0 0 0 0 0 0 1 1 0 0 0 0 1 1 1 0 0 1 0 1 1 1 0 1 1 1 1 0 1 0 0 0 0 0 1 0 0 0 0 0 1 1 0 1 0 0 0 0 0 0 0 1 1 0 1 0 1 0 0 0 0 0 0 0 1 0 1 1 0 0 0 0 1 0 0 1 1 1 0 0 0 
0 1 0 0 1 0 0 1 0 0 0 1 1 0 1 0 1 1 1 1 1 1 0 1 0 1 1 0 1 1 1 1 0 1 0 1 0 0 1 1 0 1 0 0 1 1 1 1 1 1 0 0 1 0 0 0 1 1 0 1 1 0 0 1 1 1 0 0 0 1 1 0 1 1 0 1 1 1 0 0 1 1 1 0 0 1 0 0 0 0 1 1 1 1 0 1 1 1 1 0 0 1 0 1 1 0 
1 1 0 0 1 1 0 1 1 0 0 0 1 1 0 1 1 1 0 0 1 1 0 1 0 1 1 0 1 1 1 0 0 1 1 0 0 1 0 1 0 1 1 1 1 0 1 0 1 0 1 1 1 0 1 1 0 0 0 0 1 1 0 0 0 1 0 1 1 0 1 1 0 1 1 0 1 1 0 0 0 1 0 0 1 1 1 1 1 0 1 1 0 1 0 0 0 0 1 1 1 0 0 1 0 1 
1 0 1 1 0 1 1 0 0 0 1 1 1 1 1 0 0 0 0 0 0 0 1 1 1 0 0 1 0 1 0 1 0 0 1 1 1 0 1 1 0 0 1 1 1 1 0 1 0 1 1 0 0 0 0 1 1 1 1 0 0 1 0 1 1 0 0 0 1 1 0 1 0 0 0 1 0 0 0 1 0 1 0 0 1 0 0 1 1 0 0 0 0 1 0 0 0 1 0 1 1 0 0 0 0 1 
0 0 1 0 0 1 0 1 0 0 0 0 0 1 0 1 1 0 0 0 1 1 0 1 1 0 0 1 1 1 1 1 0 0 0 0 1 1 1 1 1 1 1 0 0 1 1 0 1 1 0 0 0 0 0 0 0 0 1 1 0 1 0 0 0 1 0 1 0 0 0 1 1 0 1 0 0 0 0 1 0 1 0 1 1 1 0 0 0 1 0 0 0 1 0 0 0 0 1 1 1 0 1 1 0 0 
0 1 0 0 0 0 0 0 0 1 0 1 0 1 0 0 1 1 1 0 0 1 1 0 0 0 0 1 1 1 0 0 1 1 1 0 0 1 0 1 0 0 1 0 1 1 1 1 0 1 1 0 0 0 1 0 0 0 0 1 1 0 0 0 1 1 0 1 0 1 1 0 0 1 1 1 0 1 0 1 0 0 0 0 0 1 0 1 1 1 1 1 1 1 1 1 0 0 0 0 1 1 1 0 0 1 
1 0 1 1 0 1 1 0 1 0 1 1 1 1 1 0 1 1 0 0 1 1 1 0 0 0 0 1 0 0 1 0 0 1 1 0 0 1 1 1 1 0 0 1 0 0 1 1 1 1 1 0 0 0 1 1 1 0 1 0 0 1 0 1 1 0 1 1 1 0 0 1 1 1 1 1 1 1 0 0 1 0 0 1 1 1 0 0 0 1 0 0 1 0 0 0 1 1 1 0 1 0 1 0 0 0 
1 1 1 0 1 1 0 0 1 1 0 1 1 0 0 1 0 1 0 0 1 1 1 1 0 1 0 0 0 0 1 0 1 1 1 0 1 0 0 0 1 0 1 0 1 1 0 1 0 1 0 0 1 0 0 1 1 0 0 0 1 0 1 0 1 1 1 0 0 1 1 1 1 0 1 0 0 0 0 0 1 1 1 0 1 1 1 0 0 1 0 1 0 0 1 0 0 0 1 1 0 0 0 0 0 0 
0 0 0 1 0 1 0 1 1 1 0 0 0 0 0 1 1 0 0 0 0 0 1 1 1 0 0 1 1 0 0 0 0 0 0 0 1 1 1 0 1 0 1 0 1 0 0 0 1 0 0 0 1 1 0 0 1 1 1 0 1 1 1 1 0 1 1 1 1 1 0 0 1 0 1 1 1 1 0 1 0 0 1 0 1 1 0 0 1 1 0 0 0 0 1 0 1 1 0 0 0 0 0 0 1 0 
0 0 0 0 1 0 0 1 1 0 1 1 1 1 1 0 1 1 0 0 0 1 1 0 0 1 1 0 0 0 0 1 0 0 0 0 1 0 0 0 0 0 1 0 0 1 1 0 0 1 0 0 0 0 0 1 1 0 0 0 0 0 0 0 0 1 0 1 0 0 0 1 1 1 1 1 0 0 1 0 1 0 0 0 1 1 0 1 1 0 0 0 1 1 1 1 1 1 0 0 0 0 0 1 1 1 
0 1 1 0 1 1 0 0 0 0 1 0 1 0 1 1 1 0 0 0 0 1 1 0 1 1 0 1 1 1 0 1 1 0 0 1 0 0 1 1 1 0 0 0 0 0 0 0 1 1 1 1 0 0 0 0 1 1 0 1 1 0 1 0 1 1 1 0 1 0 0 1 1 0 1 0 0 0 0 0 1 0 0 1 0 0 1 0 0 0 0 0 1 1 1 0 0 0 1 1 0 1 1 1 0 1 
1 0 1 0 0 1 1 0 0 0 1 0 0 0 1 1 1 1 0 1 0 1 0 1 1 1 1 1 0 1 1 1 1 1 1 1 1 1 1 0 0 1 0 1 1 1 0 1 0 0 1 1 1 1 1 1 1 1 1 0 0 1 0 1 1 1 1 0 1 1 0 0 1 0 0 1 0 1 1 0 1 1 0 1 1 0 1 1 0 1 0 1 0 1 0 1 0 0 1 0 1 0 1 0 0 1 
0 0 0 1 1 1 1 0 1 0 0 1 0 0 1 1 0 0 1 1 1 1 0 0 1 0 0 0 1 0 1 0 1 1 0 1 0 0 1 1 0 1 1 0 0 1 0 0 1 1 1 1 1 0 1 1 0 1 0 0 1 1 0 0 1 0 0 0 0 0 1 1 0 1 0 1 1 0 0 1 0 0 0 1 1 1 1 0 0 0 1 0 0 0 0 1 0 0 1 0 0 1 0 1 0 1 
29 109
1 1 0 0 0 1 1 1 1 0 1 1 0 1 0 0 1 0 0 1 0 1 0 0 0 0 1 1 1 0 0 1 1 1 0 0 1 1 1 1 1 1 1 1 0 1 0 0 1 0 1 1 0 1 1 0 1 0 0 0 1 1 0 0 0 0 1 1 1 0 0 0 0 1 1 1 0 1 0 0 1 0 1 1 1 0 1 1 1 0 1 0 1 1 1 1 1 1 1 1 0 1 1 0 1 0 0 1 1 
0 1 0 1 0 0 1 1 0 0 1 0 1 1 1 1 1 0 0 0 1 1 0 1 1 1 1 1 1 1 1 1 1 1 1 1 1 0 1 0 0 1 0 1 0 1 1 1 1 1 1 1 1 0 0 1 0 0 1 1 1 0 1 0 1 0 1 1 1 1 1 0 1 1 0 0 0 0 0 0 0 0 1 1 0 0 1 0 0 1 0 0 1 0 1 1 1 1 1 0 1 1 1 0 0 0 1 0 1 
1 0 0 1 1 0 1 0 0 1 0 1 1 0 1 0 0 0 0 0 1 0 1 0 1 1 0 1 1 1 1 0 0 0 1 1 0 1 0 0 0 0 1 1 0 1 1 1 0 1 1 0 0 0 1 1 0 0 0 1 1 0 1 0 1 0 1 1 1 1 0 0 1 1 1 1 1 0 1 1 0 0 1 0 1 1 1 1 1 0 1 1 0 1 1 0 1 1 1 0 0 0 1 0 0 0 1 1 1 
1 1 0 1 0 0 0 1 1 0 1 0 1 0 0 0 0 1 1 1 0 0 1 1 0 1 1 1 1 0 0 0 0 1 1 0 1 1 0 0 0 1 0 0 1 1 1 0 1 1 0 1 1 0 0 0 0 0 0 1 0 0 0 0 1 1 1 0 1 0 1 1 1 1 0 1 0 0 0 1 0 0 0 0 0 1 0 1 0 0 0 1 1 1 0 0 0 0 1 0 0 1 0 1 1 1 0 1 0 
0 0 0 1 1 1 1 1 0 0 0 1 1 0 1 0 0 0 1 1 1 0 0 0 1 1 0 0 1 1 0 1 1 1 0 0 1 0 0 0 1 1 1 1 1 0 0 1 1 0 0 0 0 1 0 0 0 1 0 1 1 0 1 1 1 0 1 1 0 0 0 0 0 1 1 1 0 0 1 1 0 1 0 1 1 1 1 0 1 0 0 0 0 0 0 1 0 1 1 0 0 0 1 1 0 0 1 1 1 
1 0 0 0 1 1 0 0 1 0 1 0 1 1 1 0 0 1 1 1 1 1 0 1 1 0 1 1 0 1 1 1 1 0 0 1 1 1 0 0 0 1 0 1 0 0 0 1 1 1 0 1 1 0 1 1 0 0 0 1 1 0 1 1 1 0 1 0 1 1 1 1 0 1 1 1 0 0 1 0 1 1 1 0 1 0 0 0 0 1 0 1 0 1 0 1 0 0 1 1 0 0 0 1 0 1 0 0 0 
1 1 1 1 1 0 0 1 0 0 0 0 0 1 1 1 0 0 1 1 0 0 0 1 0 0 1 1 1 1 0 1 1 0 1 1 0 1 1 0 1 0 1 1 0 1 1 1 0 0 0 1 1 0 0 1 0 0 0 0 0 0 0 0 1 1 0 0 1 1 0 0 1 1 1 1 1 0 0 1 1 1 1 0 0 1 1 1 1 1 0 0 1 0 0 1 0 1 0 0 0 1 1 0 1 1 0 1 1 
0 1 0 0 1 1 1 1 1 1 0 1 1 1 0 0 0 0 1 0 0 0 1 0 1 0 1 0 1 0 0 0 1 0 1 0 0 0 0 1 1 1 1 0 1 1 1 0 0 1 0 0 0 0 1 1 0 0 0 0 0 1 1 1 0 1 1 1 0 0 1 1 1 0 0 1 1 0 1 0 1 0 0 1 1 0 1 0 0 0 0 0 0 0 1 0 1 1 1 0 1 1 1 0 0 1 0 0 0 
0 1 0 1 1 0 1 1 1 1 0 1 0 0 0 0 0 1 1 0 0 1 0 1 1 1 0 1 0 1 1 0 1 0 0 0 0 1 1 1 0 1 1 1 0 1 1 0 1 0 1 1 0 0 1 0 0 0 1 1 1 1 0 0 1 1 1 0 1 1 0 1 0 1 0 0 1 0 0 0 1 0 1 0 1 0 0 1 0 1 0 1 0 1 0 1 0 1 0 1 0 0 0 0 0 0 1 0 1 
1 1 0 1 0 1 0 0 1 1 0 1 0 0 1 1 0 1 1 0 1 0 0 0 1 1 0 1 0 1 0 0 1 1 1 1 0 1 0 1 0 1 1 1 1 0 0 1 0 0 1 0 0 1 1 0 0 0 0 0 1 1 0 0 1 0 1 1 0 0 0 0 0 1 0 1 1 0 1 0 1 0 1 1 0 1 1 0 0 0 0 0 1 0 1 0 0 1 1 1 1 1 1 1 1 1 1 0 0 
1 0 0 0 0 0 1 0 0 1 0 1 0 0 0 1 0 0 0 1 1 1 0 0 1 1 0 1 0 0 1 1 0 0 1 1 0 0 0 0 0 1 1 1 1 1 0 1 1 1 0 1 1 0 1 0 1 0 0 1 0 1 0 1 1 1 0 1 0 0 1 1 1 1 1 1 1 1 0 0 1 0 0 1 1 0 0 0 1 0 0 1 0 1 1 1 0 1 1 1 0 1 0 1 1 1 0 0 0 
1 0 0 0 1 0 1 1 1 1 0 1 1 1 0 1 0 1 0 0 1 0 0 0 0 1 1 0 1 1 0 1 0 1 0 0 0 1 0 0 0 0 1 0 1 1 0 0 1 1 0 0 1 0 1 0 0 1 0 0 0 1 1 1 0 1 1 1 0 0 0 1 0 0 0 1 1 0 1 1 1 0 0 1 0 0 1 0 1 0 0 0 1 1 0 0 0 0 0 1 1 0 0 1 1 0 1 1 1 
1 1 0 0 0 0 1 0 0 1 0 0 0 0 1 0 1 1 1 1 0 0 0 0 1 0 0 0 1 0 0 0 0 0 1 0 1 0 0 0 0 1 0 0 0 0 0 0 1 1 1 0 1 0 1 1 1 0 1 1 0 0 0 1 1 1 0 1 1 1 0 0 1 0 1 1 0 1 1 1 1 1 0 0 0 1 1 1 1 0 1 0 0 0 1 0 1 1 1 1 0 0 1 0 1 0 0 0 1 
1 1 1 1 0 1 1 0 1 0 0 0 1 0 1 0 0 1 1 0 0 1 1 0 0 1 0 0 1 0 1 1 1 0 0 1 1 1 0 0 1 1 1 1 1 0 0 1 0 0 1 1 1 1 1 1 0 0 0 0 0 1 0 0 0 0 0 1 1 0 1 0 0 1 0 0 0 0 1 0 1 0 1 0 0 0 1 1 0 0 1 0 0 1 0 1 1 1 0 1 1 0 0 0 1 0 0 1 0 
1 0 1 1 1 1 1 1 0 1 0 0 1 0 1 1 1 1 0 1 0 0 1 1 0 1 1 1 1 1 0 0 0 1 0 1 1 0 1 0 0 1 1 1 0 1 1 1 0 0 0 0 1 1 0 0 1 0 1 1 0 0 1 1 1 1 0 0 1 0 0 1 0 1 1 1 0 1 0 1 0 1 1 1 0 0 1 1 0 1 0 0 0 1 0 0 0 0 1 1 0 1 0 1 0 1 1 1 0 
0 0 1 0 1 1 0 0 1 1 1 1 0 1 0 0 1 1 0 1 1 1 1 1 1 0 0 0 1 1 0 0 0 0 0 1 0 1 1 0 0 0 1 1 1 0 0 0 1 1 1 0 1 1 0 0 0 1 0 1 1 1 1 0 1 1 1 1 0 1 1 0 1 0 0 1 0 0 0 1 0 1 1 1 0 1 1 1 0 1 1 1 0 0 1 1 1 1 1 1 1 1 1 1 0 0 1 1 0 
1 1 0 1 1 1 0 0 1 0 1 1 0 0 0 0 1 0 0 1 0 1 0 1 1 1 0 0 1 0 0 1 1 1 1 0 1 1 1 0 0 0 1 1 0 0 1 0 1 1 0 1 0 0 0 1 0 1 1 1 0 0 0 1 1 1 1 0 0 0 0 1 1 1 1 1 1 0 1 1 0 0 1 0 0 1 0 1 1 0 0 0 0 1 0 0 1 0 1 1 0 1 0 1 0 0 0 1 0 
1 0 1 0 1 1 1 0 0 1 0 0 1 0 1 0 0 1 0 1 0 1 1 1 1 0 1 1 0 1 0 0 1 1 0 1 1 0 0 0 0 1 0 1 0 0 1 1 1 1 1 0 0 1 0 0 1 1 1 0 1 1 1 1 0 1 1 1 1 0 1 1 0 0 0 1 0 1 0 0 1 1 1 1 0 0 0 1 0 1 1 0 0 0 0 1 1 0 0 0 0 1 0 1 1 1 0 0 1 
0 0 0 1 1 1 1 1 1 1 0 1 0 1 1 1 0 1 0 0 0 0 0 1 1 1 1 0 1 0 0 1 1 0 1 1 0 1 0 1 1 1 0 0 1 1 1 1 0 1 1 0 0 1 1 0 0 0 1 0 1 1 0 0 0 0 1 0 1 1 0 1 0 0 1 0 1 1 1 0 1 0 1 0 1 0 1 1 0 1 1 0 0 1 0 1 0 1 0 0 0 1 1 0 0 1 0 0 1 
0 1 1 0 1 0 1 0 1 1 1 0 1 0 1 0 1 0 0 0 1 1 0 0 1 1 0 1 0 1 1 0 0 0 1 1 0 0 0 0 0 0 0 1 0 0 0 1 1 1 0 0 1 0 0 0 1 1 0 0 0 0 0 0 0 0 1 1 0 1 1 1 1 1 1 0 0 0 1 0 0 0 1 1 1 1 1 0 1 1 0 1 0 0 0 1 1 1 0 0 1 0 1 1 1 0 1 1 1 
0 1 0 0 0 0 0 1 1 0 1 1 1 1 0 0 1 0 0 1 0 1 1 1 1 0 1 0 1 1 0 1 0 1 1 1 1 0 1 1 1 0 0 0 1 1 1 0 0 0 0 0 1 1 1 0 0 1 0 1 1 0 0 0 1 0 0 1 1 0 1 1 1 0 1 0 0 1 1 1 1 1 1 0 1 0 0 1 0 0 0 1 1 0 0 0 1 1 0 0 0 1 1 0 1 0 1 0 0 
0 0 0 0 1 1 1 0 1 1 0 0 0 0 0 0 0 1 0 0 1 1 1 0 0 1 0 0 1 0 1 1 1 0 1 0 0 1 0 0 1 0 0 0 0 1 0 0 0 1 0 1 1 0 1 0 0 0 0 0 0 1 1 1 1 1 1 1 1 1 1 0 1 0 1 0 0 1 1 1 1 0 1 1 1 1 0 0 1 0 0 1 0 1 0 0 1 0 0 1 1 1 0 0 0 0 0 0 1 
1 1 1 1 0 0 1 0 1 1 0 0 0 1 1 1 0 1 1 0 0 0 1 0 1 0 0 1 0 1 0 1 0 0 0 1 1 1 0 1 1 0 0 1 1 1 1 1 1 1 1 0 0 1 1 0 0 1 1 1 1 0 0 1 0 0 0 0 1 0 1 1 1 1 1 0 1 0 0 0 0 0 1 0 0 1 1 0 1 0 1 0 0 0 0 1 0 0 1 0 0 0 1 1 0 0 0 0 1 
1 0 0 0 1 1 1 0 0 0 0 0 0 0 1 1 0 0 0 1 0 1 0 0 0 1 0 1 1 1 0 1 0 1 0 0 0 1 0 1 1 0 1 0 1 1 0 1 0 0 1 1 0 0 0 1 0 0 1 0 1 0 0 0 0 1 0 0 1 0 0 0 0 0 1 0 0 1 1 1 1 0 1 0 0 1 1 0 1 0 1 1 0 1 0 1 1 1 1 1 0 0 0 1 0 0 0 0 1 
0 1 1 1 1 1 1 0 1 1 0 1 1 1 0 1 1 1 1 0 1 1 0 1 1 1 1 0 0 0 1 1 0 1 1 0 0 1 1 0 1 1 0 0 1 1 0 1 0 1 0 1 1 0 1 0 0 1 1 0 1 1 1 0 1 1 0 0 1 0 1 0 1 0 0 0 1 0 1 0 0 1 0 0 0 1 0 1 1 1 1 0 1 0 1 0 1 1 1 1 0 0 0 1 1 1 0 1 1 
1 1 0 0 0 1 1 1 1 1 1 1 1 0 0 1 0 0 1 0 0 1 1 0 0 0 1 0 1 1 1 1 1 0 1 1 1 1 0 0 0 1 0 0 0 1 0 1 0 0 1 0 0 1 0 1 0 1 1 1 0 0 0 1 1 1 1 1 1 0 0 1 0 0 1 0 0 0 1 1 0 0 0 1 0 1 0 1 1 0 0 1 1 0 0 1 1 0 1 0 1 1 1 1 0 0 1 0 0 
0 0 0 1 1 0 1 1 1 0 1 0 0 0 0 0 1 0 0 1 1 0 0 0 1 0 0 0 0 0 0 1 0 1 0 0 1 0 0 0 0 0 1 1 1 1 0 0 1 0 1 0 0 0 1 0 1 1 0 1 1 0 0 1 0 1 1 0 0 0 1 0 1 1 1 1 0 1 1 1 0 0 1 0 0 0 1 0 1 1 1 0 1 0 1 1 0 0 1 0 1 0 1 0 0 0 0 0 1 
0 1 0 1 0 0 0 0 0 0 1 1 0 0 0 0 1 0 1 1 0 1 0 1 0 0 1 0 0 0 1 1 1 0 0 1 0 0 1 1 0 0 0 0 0 0 0 1 1 0 0 0 1 0 1 1 0 0 0 0 0 0 0 1 0 0 1 1 0 0 0 1 0 1 0 1 0 1 1 0 1 1 0 0 0 0 1 0 0 0 1 0 0 0 0 1 1 1 0 0 0 0 0 0 0 1 0 1 0 
1 0 1 1 1 0 0 1 1 1 0 0 0 1 1 1 0 0 0 0 1 1 0 1 0 0 1 1 1 1 1 1 0 1 0 1 0 1 0 1 0 1 1 0 0 0 0 0 1 1 1 1 1 1 0 1 1 0 1 1 0 0 1 1 1 1 0 1 0 1 0 0 1 0 0 1 0 0 1 1 1 0 1 0 0 0 1 0 1 1 1 1 0 1 1 1 1 1 0 1 0 0 1 1 0 1 0 1 1 
