5000 2020
3691
30044
18331
31704
23974
32348
17605
18204
4563
1326
5769
11870
6300
17504
17041
16566
9360
17620
3200
22592
30758
3257
14624
24758
25086
15033
3261
27716
20075
24948
2252
2711
4655
14126
11473
5688
21125
28100
15999
27672
11877
18149
23840
16748
3331
14462
25655
3002
13721
13686
24932
12084
5222
28316
8585
26438
20726
8158
6443
7531
6565
15803
11291
8772
18527
5883
6229
31979
17577
16029
2088
17541
18149
21009
3991
14358
24785
28583
6400
2202
28498
29000
1275
2385
22896
16228
389
14938
16545
20523
23646
24963
1610
9984
21679
9568
19075
26666
12272
24218
18459
21709
5641
5002
12763
17177
30903
20998
29967
26306
2610
23419
1347
32176
1805
22332
5451
13559
22365
32538
24966
23049
19229
31285
28515
11307
30161
23058
26147
25125
28010
28141
25825
14398
28778
24656
31184
6759
14152
21220
7877
16055
29974
27784
24309
17431
19297
3488
2559
10559
13657
7855
6189
12257
11825
11561
9206
35
5833
19074
7368
8275
7819
24971
5893
5334
13203
30206
23884
15458
15890
599
9977
15470
10996
26598
6127
4582
2496
9507
28053
6690
16832
17985
32030
10265
8803
17414
26382
31186
21215
17625
9209
8732
25882
29725
20110
14975
4043
25533
20181
29042
21468
11272
19125
18638
4372
15808
32697
6275
19954
6765
27156
10634
14044
26359
23778
32027
6265
3188
28592
5151
22875
23359
25919
19176
14049
25674
28549
7456
18779
31925
29941
26111
4976
8095
15104
28865
8381
8764
6620
27992
30655
28199
7556
7518
25331
13818
14336
19789
21819
22557
26854
28146
28036
25563
32289
25119
23974
29883
20977
21665
14475
22541
10803
10865
27540
12483
7395
25903
26424
3458
7647
2507
15087
9465
6637
24454
10318
11378
17152
6937
29043
31910
29111
18995
26275
30934
16423
4905
30514
27671
16858
7401
18851
20718
32023
13105
7953
14108
2404
31486
1486
15291
30538
19270
8009
18314
25944
32233
32053
1926
26219
19686
23015
21434
7468
4042
12288
30807
12505
28015
30029
5383
32585
21986
31979
1663
12330
22693
17583
3667
3470
11031
12740
11535
17830
29488
150
25219
31180
10865
27631
18526
16071
11547
20320
15103
29259
18848
18659
1159
2496
25687
7614
15923
15940
883
26283
23529
14835
22326
18229
5648
10854
4706
13413
9637
23673
9969
3742
1675
17746
15109
4806
13347
7327
27170
26278
5149
27678
9883
17556
910
14435
20298
2639
14914
9942
19844
12074
30803
17659
20300
25965
12794
21750
29127
27384
11686
17230
28657
19753
18507
10737
10637
9216
21501
1144
5730
2177
17597
31149
31140
19034
8083
24138
27057
10438
24541
21764
32766
4785
18150
12232
17744
12829
18874
30277
11823
18116
4409
13738
15255
5119
16491
32177
5106
26086
29971
11996
10307
29113
13959
32254
14756
5503
18110
20734
21234
15084
2475
22744
2759
24968
30409
3300
8616
5134
18680
27483
20608
19730
24711
8983
23373
3815
2962
2714
15386
12992
10382
2130
31277
13077
22306
20508
385
30025
11064
6662
3703
22153
5717
13913
456
32759
31525
8919
12478
17928
8027
1345
1444
5930
28600
12060
1147
15787
19048
3765
2030
30934
17301
12643
19080
12639
6199
15116
4133
19713
17193
30442
934
25957
26754
25999
7401
26182
2850
27687
8953
22227
16523
2302
7809
21076
22259
12610
20615
29713
8599
15369
342
14959
24401
32405
15292
9565
28525
32215
18550
5102
18617
22835
32233
9543
26331
21123
14355
8380
8679
5982
3264
10550
9265
12186
4097
16344
29280
13583
15578
23010
14788
14494
22075
3541
22762
30835
21553
7128
22125
19334
12638
21850
14862
26216
11431
10233
31751
23868
21292
20386
32413
1795
26237
29690
17909
9758
29451
13565
25128
31245
10972
27365
16281
7805
22659
7502
20871
23426
32336
30103
19166
19233
30148
12427
22867
30737
9031
21313
5807
22978
4637
10048
9323
20895
3223
16871
9598
3473
1158
6925
2675
29636
24565
30436
25534
31661
32280
10019
11856
6220
2175
26468
20073
6062
25743
22730
11438
7095
22835
24808
10619
4126
15567
28638
23162
16825
16246
29125
18037
31483
9564
28494
4968
18875
1422
8613
23259
21046
24800
32156
6254
21336
9511
31237
26294
16439
28841
5471
32327
4833
10706
24246
11026
15447
16169
1476
11250
21977
9090
13916
12417
30564
23156
17161
26928
22394
10509
25330
23959
6177
16069
1792
32009
25902
27313
2627
7532
18371
12537
16786
23623
21271
21644
11890
5661
3701
10514
22842
26618
16520
16675
5748
28491
32725
19638
15237
15346
11401
15324
1681
10394
14197
31150
15769
3400
23127
21379
18662
51
9563
24679
19627
6358
1505
31945
1510
26947
10881
11892
28295
8634
26700
1217
27860
4730
1365
18698
4620
32727
3185
4961
11338
31885
3642
6018
12205
15956
29530
15879
15030
8373
17414
24027
14833
18971
2248
10737
28376
10029
10370
10038
24052
12379
26544
16068
26693
11703
27885
16472
5092
27911
28345
26886
18407
7704
28281
16939
32645
18773
9407
27812
14459
5271
716
11325
8365
19007
27987
18284
18193
22147
5248
3904
21449
12037
3385
9108
2959
22698
4004
18312
8790
32681
32489
23090
8494
21986
7737
18320
25449
11122
5903
1473
28412
30084
13493
29301
11304
14185
30987
9379
16473
492
28292
1658
4174
31967
23409
19353
11642
12026
14978
6018
12970
30694
7305
26700
21481
28820
22402
6553
9632
9683
9937
5064
24322
24866
8394
31596
7079
29634
9590
29948
24695
14352
10900
20684
26570
15634
2271
13115
30926
20560
11919
3374
20008
23013
23330
30910
20446
16085
18524
20014
9332
15777
25741
1312
23893
31001
530
13832
17013
9586
8222
20448
309
2968
12475
22046
17031
22213
11
15075
27730
24659
8404
10613
4632
28111
571
21743
22742
5454
4816
7991
21035
15364
5323
11313
4797
25362
1941
13618
2009
13984
19083
12472
20569
4908
23806
8792
7371
29985
24446
9975
23247
1708
14936
4413
12225
16331
3421
10823
1688
19623
19685
27292
13582
11811
12308
16227
31746
18613
21596
12243
26394
21877
14915
30442
20396
26995
32615
25954
1759
1870
31167
8161
27405
28418
6179
3440
27756
8194
11279
2606
17646
16775
164
12869
26469
25895
25327
22814
27115
22441
32622
209
28545
29720
14544
26080
21750
11542
23549
29476
9483
16499
21846
12807
6100
18686
19262
2804
8545
8859
16857
27148
21406
21654
11283
7195
6008
30263
3557
30666
321
16791
5076
10006
17494
18609
17338
9472
2559
188
10952
17286
12182
6073
11468
19923
12268
18504
22704
6835
15336
8127
26179
9033
18033
27261
16701
29188
1934
14972
17789
32207
15052
15398
4244
17800
7393
19818
3207
16308
27790
2830
6097
29297
29386
18503
28328
18347
22044
9351
14721
29075
15689
13206
25814
29517
1327
27620
9767
8681
3569
20254
21055
12693
25428
255
26808
8977
17513
16489
30913
9571
20077
30388
17183
16331
20205
20806
15730
22521
301
6499
23226
26750
15051
15943
15641
31617
19360
17778
13531
15795
5351
5444
12467
15749
7073
19913
839
10904
6712
9174
8687
10612
21858
29269
16570
3966
14408
30173
28595
6948
31720
26246
7522
31835
23991
25595
8853
16715
10635
26576
15200
31560
6841
12822
4450
12293
22650
25645
15178
27396
4500
15834
21914
849
31542
12441
6315
26992
14115
15669
4081
4500
25874
20373
22145
19986
25429
3289
31952
11796
698
18342
31678
13458
12719
3773
22739
31614
25257
2515
24520
5951
12742
6301
5449
20065
3505
26666
18169
31115
26566
29301
23735
8113
12150
7227
20256
8842
7405
25866
26452
3909
3827
23963
11261
26488
16
22625
8078
30297
22260
2146
13257
1584
5653
582
5764
2572
11930
21421
15276
4021
31352
9414
18570
3555
8667
6174
17477
25261
28615
23733
12713
5700
23039
9815
30246
13793
16422
41
12828
23292
9764
11651
28246
12991
28107
3325
17108
6586
21435
12749
23245
8152
13186
10064
31220
2194
22280
4838
26363
7010
21803
10243
24405
22651
17318
8835
30785
26039
16439
15166
4356
18385
5377
19165
14965
15316
31791
3820
14271
17619
18138
17712
31843
16859
27436
4410
19324
8230
15814
24636
23623
32145
23136
16156
10210
20304
32687
22215
17492
24801
25228
712
28878
16190
15442
13849
14129
25687
6280
8760
18127
14015
9664
21630
27766
12710
3518
15789
19371
18695
6365
22472
15667
24098
8367
24103
30424
22573
5604
19402
24681
13639
7533
5102
14851
10157
2273
18654
30607
4912
11807
9484
30092
32487
25141
10848
27407
20257
7040
19408
15623
23453
32533
21809
5830
13822
23904
1356
27581
13433
25099
3637
18055
5329
31521
28632
2346
19333
15220
24789
665
21320
15420
14734
32125
4273
16896
5501
11316
7732
10426
7884
5658
5201
23350
14367
27144
8715
22971
30901
23067
2460
5101
11951
25783
21863
6642
23471
11979
22830
26836
24485
21334
21381
22054
17894
19498
17286
24299
26751
22512
18119
23987
24008
364
5001
27655
25660
11266
25394
29447
16519
18809
24830
12114
16865
7424
28913
11302
24731
12142
25360
31177
10999
22734
26320
8999
29757
795
21199
9916
31243
2632
5314
30388
29677
23939
23982
17489
16685
17851
24156
6798
10477
30048
10247
3074
24690
17770
1367
30726
19395
17308
24467
11034
11379
30218
1042
24197
12987
30681
24050
23356
9420
21318
30733
17413
4194
15593
23337
19164
15005
5179
7279
21910
16909
19799
12319
21956
9995
10237
21633
22490
11856
22492
10527
3473
20928
529
17969
22409
13191
13291
26713
4659
18279
14065
1168
10734
9808
26150
22624
14960
16434
26763
19029
15720
24591
29926
11950
3169
13908
706
17495
14826
23913
3255
32284
1524
3207
18411
27671
29051
27850
29913
22890
13673
17543
11601
29236
8375
27871
21440
1469
8661
17812
1970
14580
32588
6940
17301
15644
930
13044
1984
24258
8317
29239
14004
242
19724
21103
1697
22698
9123
6315
11308
31887
677
722
8815
7391
13479
24374
13377
30631
25554
17004
10936
23862
23689
20316
17645
22737
25420
17812
23807
20904
8669
18914
24155
14345
28577
7457
28986
4820
31048
13651
32619
303
2993
27888
30290
1146
1543
15486
27185
9862
14129
12898
32422
20481
10857
7414
14453
25397
10026
6875
7304
28403
26704
1425
16436
3529
20091
27204
11966
17787
4532
1257
18462
31409
13907
29066
32002
19694
18719
2014
3094
28353
9912
5405
9347
20031
21042
26642
4533
8624
7939
25458
21602
11401
12831
2668
19656
20635
7777
15233
23094
16265
8237
3478
5069
24703
15444
840
32392
15905
17975
2175
25722
4290
4400
28230
12631
14551
20781
22746
30774
15787
28318
21504
1685
9300
20882
412
10398
13029
26652
5760
681
29669
27644
6530
9217
3584
11131
6353
14059
17405
22935
18825
29156
12528
10592
17796
11819
5297
14498
23412
18303
17548
3524
9518
10538
5178
11504
22601
11326
19216
2165
1256
11039
31095
20585
14036
28225
17052
26002
11470
22067
28265
29575
6691
26333
22451
30226
9856
6150
2741
11737
8200
3865
10173
18493
5028
9768
24101
16003
16282
25649
4997
12337
5218
19104
2855
15547
14261
7190
8635
8287
15846
105
29004
6222
3445
10732
29043
21004
8418
24560
26571
27161
6847
4746
15524
15825
24585
23447
2044
5265
11448
4350
27307
25627
22165
19509
2013
13372
12876
2823
12997
26028
20162
19860
9360
24629
31400
21913
20120
27671
18513
27377
7387
15020
960
18780
15531
25160
20230
7040
15271
20835
22731
10029
4841
31994
24874
3813
29313
20018
194
19612
24866
4927
26121
18876
1052
30596
31972
14444
9098
18171
13429
4626
16077
216
22324
24342
17721
32105
10562
11242
18189
11073
16634
20295
12969
10133
19912
26041
29179
13798
16702
9821
31803
23264
3684
29929
12248
7811
29520
21742
2226
14720
247
8794
1673
12774
21827
13121
22453
11005
15206
18141
7192
27762
9837
26067
21586
25781
14872
6071
20787
10912
21993
4563
14198
16985
22139
17188
27564
10617
277
24998
31350
28270
19839
23762
20727
22302
532
22884
22921
23244
22041
6753
20655
29504
3661
31577
26188
2338
18369
24553
32530
32680
25834
15493
10812
9073
20725
7284
8064
176
3418
18716
22847
25740
15796
30336
7936
3527
9680
6407
5148
20638
19972
18559
7866
12785
16834
21601
15102
15780
7276
27991
3710
7237
22634
2043
20470
11247
5243
23778
22332
8302
17224
10713
26998
28323
31039
6254
5514
1834
19614
28083
13526
9275
31694
26430
25634
11982
19955
26996
2258
32515
25025
25352
13920
31680
24209
2494
2058
23964
15284
21621
17096
6396
4615
22116
21377
13179
11207
24484
32126
2192
18087
1774
19743
16747
15392
167
8909
1055
1033
26393
27183
7686
17767
22532
20897
11617
27014
2901
5602
3648
25929
18229
13836
3746
11454
21829
9162
11740
1269
23848
17349
27455
10259
18499
21087
26613
28578
4800
164
24620
31019
11737
23933
16247
30983
22355
24359
21616
12146
2632
8420
26531
13281
27946
10481
14759
2710
24837
19127
11406
14449
5636
31045
7296
18697
18743
7678
11170
31483
3987
18319
1340
1666
21051
17701
23580
12872
24574
476
10293
10876
14368
13434
26508
20005
29277
14173
26197
26294
26667
7346
21080
32226
832
21224
7578
17841
21844
28004
29754
18132
23848
25975
18841
18742
7367
26509
16573
10963
25867
167
29688
6349
31332
16395
24516
24252
30421
8505
29938
16454
3391
21026
5636
4337
4578
10645
983
32308
27681
25082
32133
16340
21893
27714
6025
8814
2565
28446
3620
8271
19845
18031
5888
31884
27292
5886
30228
5200
3738
19054
22983
23152
9930
1903
16984
12613
8948
31284
30845
5818
16678
294
22346
22180
18100
4570
27989
14162
19070
27200
14616
21605
29809
25118
1174
7138
22097
28861
9282
8582
16821
15075
7452
15450
16211
15616
30237
8839
2941
26028
14549
30570
15340
13393
25939
32747
29373
12325
23877
28939
17081
19292
2656
3261
10457
1691
17410
247
16137
26799
14358
15624
3117
7807
23353
12588
5474
22335
9242
11358
5254
12519
5671
19565
30714
18660
24422
13394
4006
17677
3488
31937
2878
26840
7877
4862
11716
2766
28812
31218
23119
32316
21338
8574
24074
17708
17509
18447
7039
7827
4889
6771
31510
17612
30139
1515
17624
28741
20812
28801
18297
29305
14512
19355
28822
32030
26383
13521
14907
27039
14716
6396
4520
5324
27604
3471
6997
8913
7401
21547
30771
16228
24032
15469
28725
11843
20696
22539
9743
16350
6861
13599
14398
32336
11451
4802
29512
9876
10246
17373
31045
16886
25113
13372
670
29639
19277
17380
7189
20309
15629
27815
1541
18971
29497
26101
6379
7732
13511
15093
21286
12566
28592
1748
29691
21116
19466
19294
18396
26532
31345
5579
2538
22203
16812
26075
32440
18070
3982
2853
11346
1698
4377
27819
21374
13086
5610
28339
3649
27015
17105
27346
14245
8532
22463
28234
186
31972
3301
12950
22235
9909
19226
1090
32562
3798
17277
3072
2943
7327
10844
11769
3092
10399
6485
29537
8996
21206
23739
12878
23870
2340
12348
26570
29461
20994
11968
30758
22658
12144
31123
18834
15564
11822
23239
27883
24614
29999
26324
18644
25209
26955
24962
31496
28516
14644
27145
25583
27522
26027
12918
4207
1771
6644
18000
30212
22781
26759
9340
13587
26972
16392
12382
21883
18999
11385
15937
12654
10189
14511
16121
639
28976
1026
20166
17659
32329
24649
11132
25981
22301
3078
21985
27837
78
23773
25175
7593
28901
28235
15547
14775
5454
10388
25484
24441
932
13309
24144
14194
17712
11324
29491
25384
22828
10285
24562
25210
21708
27078
6647
25396
17535
19021
22982
12001
12914
14024
30103
10976
30293
20662
20292
7866
12899
1788
22886
13491
8604
15138
30651
26783
6997
18111
16076
22775
28659
30002
22220
11820
756
17811
1474
3131
17967
2282
9451
17026
31324
12446
1369
11730
22742
24880
2017
197
2720
7464
27700
26194
4262
7248
6988
12958
326
8993
28938
5653
16143
28283
18717
1722
3273
1945
21285
21435
8885
5187
29208
5961
10518
30533
10981
31398
15343
21793
26200
128
23567
20737
2622
18813
29003
5615
11721
1815
16907
72
27958
4266
1032
31598
8364
20171
27219
26558
31336
28892
21658
7362
20503
8413
935
23463
4995
10629
30505
17905
15986
17042
22711
11373
13771
30557
6162
19047
26619
23473
7338
16670
10903
733
12388
26485
6979
27912
1947
16875
2002
24261
2661
14029
8623
22248
17175
21163
123
5783
5643
12552
14327
28580
9888
23893
1317
19738
3459
16417
22186
10773
17453
27786
13431
27351
27053
25079
19112
19481
17576
5641
7084
23711
9886
23246
7591
13583
5230
30008
18196
25091
22557
30670
20143
13405
24531
13730
8850
27611
3622
24963
23198
28651
24475
11635
10780
2752
2410
32348
5284
23205
30082
2046
27198
28049
16333
25900
20168
15100
6325
56
20632
28658
12519
24492
21090
16742
4695
11066
19547
14536
2692
31990
10398
11994
2557
21187
16079
26815
7460
13323
13055
2900
25138
24500
15312
22724
8315
5711
5082
27735
25844
21650
6733
26763
18418
4616
26327
19302
16436
22535
21704
23818
10020
17635
18804
27786
21082
20321
14808
20220
26210
24174
13185
21712
18111
2321
27818
10592
18223
4767
8101
20679
561
30510
13692
14327
30917
7243
983
2822
24435
31216
8736
17865
15502
20400
6630
12964
15290
14901
30335
19360
23212
15596
30706
12734
21297
5119
27924
11916
26226
25220
30960
29685
28022
4340
18284
3677
21224
28638
29994
15598
23067
29404
11949
9260
22347
6087
19133
3792
15654
20007
25612
12499
9098
29421
13849
8393
11153
13413
16725
31600
25803
29286
31365
25993
6090
28364
2407
24550
6628
25127
23192
8645
3636
18613
2229
27996
14306
31630
24768
4789
16804
27167
1478
5308
7813
2009
30655
9367
26598
16938
438
26421
23746
4781
21290
14634
26166
414
18611
25786
17728
11408
10217
32307
19911
9570
21121
23169
21211
15727
13497
21500
10303
4357
29431
20868
23844
26393
6828
17360
5176
14648
23167
3331
7391
30657
1448
1664
12736
24146
26265
6400
132
27776
9444
6882
24282
22219
16985
26818
20671
976
29550
27724
17404
27073
22245
1362
9456
24595
20648
2333
12431
14710
3064
19457
10155
14858
26822
26932
18291
15824
22625
15585
11065
9055
27986
17527
31608
20184
8836
22855
3605
22811
7593
31054
23525
16187
28888
4687
28528
9776
8059
806
12532
1740
27240
18264
13229
22001
10062
238
26708
32000
10067
21636
22758
13972
28923
19357
20902
9073
20812
12601
7013
11191
2096
7338
11009
92
5146
7843
27180
20696
24812
17554
32110
2338
24089
26159
11117
11228
16390
29013
18797
7370
28855
10258
20755
28553
29607
1274
878
3710
16631
14784
15672
19980
23499
31751
24664
16394
10226
5237
30380
23412
17093
25609
29190
19552
25425
21423
11636
52
1464
25106
5061
16919
26068
17330
3912
31653
3358
18742
9943
28135
30670
3
27668
30338
5444
16653
7923
13614
10151
8685
10873
9578
18124
31797
24259
111
2649
32512
3145
31586
7978
32461
25700
13773
19443
30605
17166
27728
10535
29946
17897
17300
4121
21803
21636
16257
1378
6501
32217
15025
8834
14645
20250
29220
17098
11195
1965
31029
30585
6985
20085
10700
1829
30509
19539
25814
31836
22474
20460
14066
1932
26862
24237
13677
14368
20063
22285
10097
20716
14007
2066
20345
15307
4210
25111
26888
24710
5446
9420
11931
25336
8115
11902
31708
3184
32474
20633
24600
25687
15506
19819
13555
15379
2489
25386
3419
12842
17608
2105
4282
28843
20138
15527
5744
10954
8655
5369
5504
7626
24444
25129
15497
6432
18277
6894
17913
20949
19837
27198
23677
1324
16909
1809
9148
11909
16387
14697
14660
21633
21901
12431
16836
12647
6887
3743
22141
15046
11122
19782
26355
19548
13573
24523
25320
31287
4487
13900
16522
19994
7870
1611
13036
29730
18530
31849
9395
6825
30838
15216
19218
2411
25048
19607
25848
13287
22806
25858
31367
19209
12163
9353
12489
4613
17546
12730
1438
31366
16707
22305
2041
19464
12868
1479
24652
23170
29626
24824
15681
4169
9144
14153
30891
20273
3790
3290
2236
27893
19166
6873
4472
20185
29739
26695
10857
26765
16563
24575
11413
8789
23999
2036
7341
27239
19384
15802
1415
30100
11324
7240
22222
29483
13937
28412
7161
14363
17817
21983
8057
9559
13799
32555
20023
19839
913
6666
28477
7612
24615
26273
947
3564
12835
1869
25358
7167
12993
30508
26500
5792
7697
18912
16067
31512
10570
6287
13026
27248
13153
16430
32664
31190
25562
21760
1964
25155
11231
28505
32428
21338
23951
13736
23266
28050
19864
18356
9092
10135
13064
28454
28459
8942
14688
14664
9862
13272
30954
24076
24400
8314
18765
6224
25471
23354
8799
21344
14527
15468
32570
20925
15390
32558
30610
12573
9737
1424
838
28594
2679
10233
7220
22191
10596
5062
12882
28169
9089
32051
9723
23930
26410
10367
15494
24268
27032
3659
17181
9556
88
8004
21452
24253
28411
27393
28889
12551
32016
11822
27220
22990
10319
3051
16878
21200
18199
30319
271
8106
12059
2801
13602
10466
13400
25800
1588
18474
5194
11217
7101
27107
8543
25105
17341
26593
17068
13467
4107
366
7134
21428
24042
5265
29044
5686
31710
31888
7468
27698
25022
14771
9915
25817
12041
17995
21697
19357
25469
15603
18940
8339
1510
13334
700
28700
11573
29361
18071
19908
8145
25178
25181
30314
32050
25218
15951
23970
9643
24823
9355
10839
21639
23468
19403
26293
8280
12221
31311
26437
21900
22958
21784
11610
24385
2804
12119
18605
12891
14518
28197
31812
28371
2004
21620
10904
11089
14889
19270
19702
7934
269
31261
31270
7571
22814
17330
16459
6583
21313
31465
22026
8583
28387
25605
26350
2422
27013
22040
32523
14679
10103
4286
23010
20408
6627
6667
6277
3954
17934
14530
8956
19326
20955
24264
14566
17674
14737
6104
30051
12236
4829
20599
18994
20631
283
2347
13847
27180
16081
18920
14976
27730
24700
27083
21607
6441
13456
32523
31866
5307
25786
2860
29306
4820
15464
14197
22497
5908
14475
13733
24007
31554
17563
6370
2566
12259
18652
15090
22429
27403
28129
429
13906
14708
14670
6322
11676
9677
26594
29530
9919
27220
10420
10986
8761
24743
7612
3341
23645
9175
17814
28289
9534
6335
12931
5648
28622
20628
12977
21442
23623
31165
19900
6225
16842
21220
15220
8413
31558
21581
14305
2785
31644
870
22660
25702
27905
9376
18144
3190
24483
16254
1081
30676
19343
10475
6812
11754
27090
2001
24351
4611
10462
2023
10602
19642
16432
11979
9334
27058
10032
1872
7317
32136
29529
5913
28339
26630
24985
21095
31963
1690
3835
559
19453
27398
9347
20592
12014
27224
31321
28355
8880
6173
30251
2868
16372
466
10444
1872
26077
16027
28449
9599
519
10040
6717
8340
6600
18996
25291
24995
30901
28767
11180
18450
10344
17791
22498
14323
5505
31043
14253
25233
1515
27768
20723
32073
17505
15999
1765
23196
9520
20223
25824
6530
18494
2007
4241
24320
15435
855
10077
19964
26487
25263
2816
12625
22788
26791
24948
3103
26718
11409
19476
1124
17752
31100
6657
23505
23993
11691
31173
27350
15351
11846
28214
20992
17218
17230
2717
21892
27844
28630
14872
5916
27176
6769
5693
8721
20825
6631
4352
32153
13708
31276
30167
14692
20864
3474
1564
10354
9988
7741
13490
15911
14267
21463
17643
16801
15132
8582
20649
19273
30140
20507
31172
16552
5584
30861
19116
17021
14573
677
2640
16652
32531
31738
1854
10936
20202
23328
7691
26836
12107
797
32501
7863
23042
6940
30407
24334
27603
3686
16125
19319
21947
18573
6441
21067
29559
490
14741
32442
27467
12362
17706
3870
15100
28645
26256
17801
5662
30864
16023
9888
31126
29491
13270
6829
6231
17276
26002
9455
1391
6613
17889
9525
16199
24980
7950
22443
38
24434
2112
1779
30712
5183
3415
9335
21326
14292
3607
15102
13221
24648
6280
28542
31979
10599
17052
1073
7231
28767
18195
4587
11257
30653
27036
27563
6378
1944
26173
24688
11493
24076
28660
20302
8829
1003
671
16832
9745
22958
3097
64
26630
28850
12454
21781
9300
1185
11921
29037
17220
10541
9491
10411
30584
5
17015
30210
32043
2817
7548
67
24250
28320
15867
4083
25187
14517
6345
11169
1357
32605
735
20086
10185
27700
24504
27918
20184
1993
3835
15494
7917
22863
23898
28631
29684
11925
31930
24418
14994
8248
18324
20172
28335
9751
21403
17675
25394
20487
6047
10945
14091
30408
10417
8905
7031
31032
21128
20752
20351
22983
3875
935
29890
20523
8624
29206
8565
9045
22701
1778
21416
24483
15181
26546
10699
15703
9757
11966
1136
19272
6887
3017
30035
12759
18390
15969
8087
8741
2524
7876
27986
17795
28241
10486
15948
16682
30685
15888
29700
8749
10903
4059
32500
17835
9070
27293
20758
4425
16073
20787
22951
4063
4714
8032
28203
18034
16024
9829
17585
21859
23165
30674
25432
14821
32717
21147
10514
17332
14760
26222
21416
4869
23234
24900
9983
12984
32449
31543
6553
8917
15078
29843
10846
26422
16880
14895
17309
28289
32573
9214
20302
25946
27955
481
24730
18902
10974
27327
5789
21298
5338
472
7274
453
25972
9814
27215
27443
8204
16677
11355
5860
19390
9477
29214
32436
16705
13534
2992
2028
4110
17491
14325
2162
16069
26265
2078
11324
27341
8074
7283
20234
2875
10997
7760
7765
23286
20025
7022
6018
11800
26642
9828
13916
13975
12978
24686
26561
31780
27668
20588
5275
2899
22669
11054
22803
8189
21412
28910
15361
20195
25379
1054
31398
29331
110
7525
15517
24464
3092
16612
17423
9133
8100
6333
28199
21690
12738
22742
6085
12898
16505
4058
14967
8020
30163
2433
21925
13729
31399
9746
30731
31333
27571
19238
32108
29866
9450
20910
21637
11145
22287
5431
24897
20370
7043
2157
20267
4975
31324
29406
26664
30659
5814
15361
17254
3672
30030
26487
24720
30842
4429
9872
836
9374
13153
8977
25286
3912
16146
26421
502
2859
27220
1777
17279
21649
4952
28284
3666
29693
10408
31247
5715
13327
22387
15082
7505
11945
29733
3479
16444
13648
20795
25970
9362
6357
30806
29033
6683
5172
31118
32257
1238
24252
17672
14489
9011
10608
17099
14323
1154
2990
7375
28144
17324
8974
28503
26267
23073
27277
21377
30825
7953
3307
30748
18880
18143
13905
15545
20405
30419
10551
773
10778
16655
6789
10838
184
7364
6392
27011
17881
11941
968
31481
522
30108
21640
20235
3358
12220
16461
14474
22646
2936
29714
18326
11904
30994
28763
18099
2942
12374
18457
3616
29577
16007
18126
8548
27093
12442
16881
19241
27958
11682
6548
11085
7651
5516
11332
27447
28795
30732
16945
3175
4677
30679
13199
1361
25276
28179
20027
8300
9803
25099
16034
20870
22101
10536
32735
30042
12920
17181
5923
12132
30483
18017
7770
23028
23813
28898
25099
15490
18104
12536
5760
31809
15967
14999
26664
31478
10619
31946
27449
6155
21924
2908
11929
2015
17030
20696
30207
13665
19754
7349
24406
25053
8311
25034
30562
30486
3832
14600
421
16276
14815
31847
30596
31039
10570
3617
678
30253
14790
8223
30365
16313
785
4016
3528
28629
7205
10625
28023
13473
24689
27082
13649
12860
6762
3269
7667
14041
14146
868
27354
29974
26615
8259
13187
14474
21392
4316
18384
18589
16036
30458
13230
28061
19483
13936
9717
19470
15160
19210
16016
2625
18136
15044
2013
29736
2548
30778
8022
4456
3437
18784
20850
25008
25353
1651
11462
13129
29112
17711
20592
18415
22301
17475
31157
15328
585
11010
5353
25394
27594
29019
21903
4457
3812
1035
6594
32585
2078
30993
7380
17129
32001
26722
15668
3593
12572
15583
22933
9893
27723
4484
2380
19915
5689
28386
13306
2217
11044
31951
19564
32746
28128
31836
12991
26947
31519
7687
456
12104
8687
2098
19379
19333
9604
8660
2537
1738
19512
30063
17464
5062
24528
16450
13102
14295
769
447
25029
30241
51
7999
4678
28894
30084
28661
27239
29940
528
17696
10934
25549
22640
17029
30011
28515
23168
6941
26457
23706
8805
1547
2806
16339
7375
32720
25308
26558
6268
11202
5726
27247
28414
27067
62
2229
10941
29710
9422
23463
20031
6591
21334
127
8359
26867
30390
13996
9084
23973
22860
9250
5548
26779
24600
13301
10193
25240
286
17190
17842
16340
30988
4029
6413
6057
1053
7703
10644
21647
7741
2178
15925
8266
3694
27911
25502
24674
16746
28039
15361
22228
14218
30218
31764
15111
2534
15699
14685
24321
19134
13240
28076
13531
17689
21552
21481
18546
24491
2990
527
352
9980
10925
25721
16683
17095
5388
32349
12731
23200
9245
5014
22546
11738
28409
8102
16183
25256
27926
15867
20339
20610
10011
26481
9664
18891
27122
10521
32639
10416
12319
14393
3689
9043
13649
1939
18632
11049
26679
16874
2535
23456
11925
19907
5831
15366
12183
15977
23315
22694
6245
22067
29270
30516
3831
32265
20844
27243
18219
22053
9271
18676
28181
17431
13203
2954
24470
8716
26507
22108
23088
29519
14797
29106
9496
16912
11355
13780
23693
2661
6276
28200
22633
22158
27155
30618
24822
28797
6854
7744
9730
19606
513
32318
11318
4531
19652
27624
9379
25195
12763
10023
25246
19348
13908
24094
25550
31750
5686
17165
7811
10658
9584
14709
2633
18323
15632
24189
5822
29140
2229
28820
1184
12786
18503
23128
21802
276
23013
25782
17313
11064
8223
21587
32042
30655
6246
30251
2782
15148
13760
24441
8736
13865
21441
25814
20270
26059
21942
3236
11767
10518
17955
173
9517
24516
2672
17160
22426
26178
32479
10813
16311
4860
3777
26792
10619
6362
7402
8995
32369
29450
20578
23263
6157
15873
6493
11923
3136
8636
621
14041
10314
12620
8695
468
3536
25489
16356
29207
9774
2374
920
1218
24590
25661
15912
17134
27450
17388
9415
25164
26286
19241
3970
22792
13554
17202
4142
26868
27302
8176
30110
26082
2910
6525
3865
15185
2225
32483
17418
30029
14221
9767
21498
20624
12237
7558
21180
5613
18958
510
13543
17647
12222
7952
138
20925
12661
15301
30234
31296
22409
14575
17839
30344
24797
25777
9328
2156
9209
10049
22092
11889
1632
27885
32748
32238
32285
29020
21733
26733
20896
20503
30257
28755
2504
32327
5344
4292
19009
4545
11531
23745
1040
31039
27914
6547
13932
2544
7398
22637
12752
1588
6673
21325
4430
416
15189
4387
24102
17993
12555
5429
4503
7999
13709
7618
26869
11351
8686
13797
16380
9006
15080
7869
25956
8554
18965
21451
7605
29763
22370
11931
18525
31043
5826
28071
23296
31817
24095
8824
9999
14036
14230
19214
7580
21630
25571
6786
1389
8391
24858
13546
22351
16916
18841
25213
13484
9720
7994
32248
11360
689
22221
8768
16841
4598
14277
23368
27165
26864
25649
24117
29697
4486
7406
3264
3415
18653
5659
18396
23383
1823
28622
21913
22753
13436
9989
24137
28433
12143
4832
17633
31765
2115
16909
24226
15419
5589
19587
19960
18766
18331
28019
1186
9251
22757
31099
12563
31855
18787
1310
6936
10971
16104
20337
13244
4443
13421
17686
23657
21947
6745
12142
10575
10875
19456
25611
8969
6620
32361
2148
19326
1851
3156
15821
27142
23198
17275
18854
25295
2701
5913
3538
7550
30755
23465
25963
16153
20836
28656
14771
15140
28113
30525
25422
10
22842
2288
11183
17087
212
31033
721
11684
13963
7970
15655
30379
32409
