100
16 12 10
5 12 17
16 8 13
8 10 12
9 10 16
17 3 10
7 17 16
7 12 4
5 11 17
10 11 10
10 6 9
17 11 1
2 6 3
2 4 17
8 16 6
5 3 9
6 17 9
2 4 4
14 13 16
14 1 19
3 11 15
17 8 10
16 2 15
13 7 18
5 13 18
8 12 15
2 6 19
6 19 0
7 7 17
7 12 11
19 6 6
17 13 1
19 7 1
2 3 1
15 4 17
17 9 2
1 14 16
3 7 6
2 14 17
6 8 2
13 14 7
14 16 15
15 20 3
16 19 10
5 16 18
7 19 11
13 18 8
8 8 13
15 16 6
8 14 9
19 1 10
8 4 12
18 5 14
14 3 10
6 9 12
2 10 12
1 6 7
15 19 16
1 5 18
12 2 17
12 15 6
9 5 5
4 19 7
9 17 15
20 1 15
1 16 7
16 17 18
3 17 11
3 20 14
7 2 16
14 2 1
1 12 6
13 12 0
8 16 11
6 20 2
4 7 13
8 8 6
17 15 6
13 9 10
9 15 18
2 8 13
14 14 7
16 2 5
4 12 3
15 17 11
1 12 12
10 3 15
4 19 17
13 18 6
8 9 8
4 3 0
4 15 8
1 13 7
12 4 6
16 14 2
15 1 4
17 19 4
2 16 10
8 4 6
2 2 12
