19
613239697 613239697 613239697 613239697 613239697 613239697 613239697 613239697 613239697 613239697 613239697 613239697 613239697 613239697 613239697 613239697 613239697 613239697 
613239697 613239697 613239697 613239697 613239697 613239697 613239697 613239697 613239697 613239697 613239697 613239697 613239697 613239697 613239697 613239697 613239697 
613239697 613239697 613239697 613239697 613239697 613239697 613239697 613239697 613239697 613239697 613239697 613239697 613239697 613239697 613239697 613239697 
613239697 613239697 613239697 613239697 613239697 613239697 613239697 613239697 613239697 613239697 613239697 613239697 613239697 613239697 613239697 
613239697 613239697 613239697 613239697 613239697 613239697 613239697 613239697 613239697 613239697 613239697 613239697 613239697 613239697 
613239697 613239697 613239697 613239697 613239697 613239697 613239697 613239697 613239697 613239697 613239697 613239697 613239697 
613239697 613239697 613239697 613239697 613239697 613239697 613239697 613239697 613239697 613239697 613239697 613239697 
613239697 613239697 613239697 613239697 613239697 613239697 613239697 613239697 613239697 613239697 613239697 
613239697 613239697 613239697 613239697 613239697 613239697 613239697 613239697 613239697 613239697 
613239697 613239697 613239697 613239697 613239697 613239697 613239697 613239697 613239697 
613239697 613239697 613239697 613239697 613239697 613239697 613239697 613239697 
613239697 613239697 613239697 613239697 613239697 613239697 613239697 
613239697 613239697 613239697 613239697 613239697 613239697 
613239697 613239697 613239697 613239697 613239697 
613239697 613239697 613239697 613239697 
613239697 613239697 613239697 
613239697 613239697 
613239697 

