20
566869788 566869788 566869788 566869788 566869788 566869788 566869788 566869788 566869788 566869788 566869788 566869788 566869788 566869788 566869788 566869788 566869788 566869788 566869788 
566869788 566869788 566869788 566869788 566869788 566869788 566869788 566869788 566869788 566869788 566869788 566869788 566869788 566869788 566869788 566869788 566869788 566869788 
566869788 566869788 566869788 566869788 566869788 566869788 566869788 566869788 566869788 566869788 566869788 566869788 566869788 566869788 566869788 566869788 566869788 
566869788 566869788 566869788 566869788 566869788 566869788 566869788 566869788 566869788 566869788 566869788 566869788 566869788 566869788 566869788 566869788 
566869788 566869788 566869788 566869788 566869788 566869788 566869788 566869788 566869788 566869788 566869788 566869788 566869788 566869788 566869788 
566869788 566869788 566869788 566869788 566869788 566869788 566869788 566869788 566869788 566869788 566869788 566869788 566869788 566869788 
566869788 566869788 566869788 566869788 566869788 566869788 566869788 566869788 566869788 566869788 566869788 566869788 566869788 
566869788 566869788 566869788 566869788 566869788 566869788 566869788 566869788 566869788 566869788 566869788 566869788 
566869788 566869788 566869788 566869788 566869788 566869788 566869788 566869788 566869788 566869788 566869788 
566869788 566869788 566869788 566869788 566869788 566869788 566869788 566869788 566869788 566869788 
566869788 566869788 566869788 566869788 566869788 566869788 566869788 566869788 566869788 
566869788 566869788 566869788 566869788 566869788 566869788 566869788 566869788 
566869788 566869788 566869788 566869788 566869788 566869788 566869788 
566869788 566869788 566869788 566869788 566869788 566869788 
566869788 566869788 566869788 566869788 566869788 
566869788 566869788 566869788 566869788 
566869788 566869788 566869788 
566869788 566869788 
566869788 

