20
615724503 615724503 615724503 615724503 615724503 615724503 615724503 615724503 615724503 615724503 615724503 615724503 615724503 615724503 615724503 615724503 615724503 615724503 615724503 
615724503 615724503 615724503 615724503 615724503 615724503 615724503 615724503 615724503 615724503 615724503 615724503 615724503 615724503 615724503 615724503 615724503 615724503 
615724503 615724503 615724503 615724503 615724503 615724503 615724503 615724503 615724503 615724503 615724503 615724503 615724503 615724503 615724503 615724503 615724503 
615724503 615724503 615724503 615724503 615724503 615724503 615724503 615724503 615724503 615724503 615724503 615724503 615724503 615724503 615724503 615724503 
615724503 615724503 615724503 615724503 615724503 615724503 615724503 615724503 615724503 615724503 615724503 615724503 615724503 615724503 615724503 
615724503 615724503 615724503 615724503 615724503 615724503 615724503 615724503 615724503 615724503 615724503 615724503 615724503 615724503 
615724503 615724503 615724503 615724503 615724503 615724503 615724503 615724503 615724503 615724503 615724503 615724503 615724503 
615724503 615724503 615724503 615724503 615724503 615724503 615724503 615724503 615724503 615724503 615724503 615724503 
615724503 615724503 615724503 615724503 615724503 615724503 615724503 615724503 615724503 615724503 615724503 
615724503 615724503 615724503 615724503 615724503 615724503 615724503 615724503 615724503 615724503 
615724503 615724503 615724503 615724503 615724503 615724503 615724503 615724503 615724503 
615724503 615724503 615724503 615724503 615724503 615724503 615724503 615724503 
615724503 615724503 615724503 615724503 615724503 615724503 615724503 
615724503 615724503 615724503 615724503 615724503 615724503 
615724503 615724503 615724503 615724503 615724503 
615724503 615724503 615724503 615724503 
615724503 615724503 615724503 
615724503 615724503 
615724503 

