18
658292686 658292686 658292686 658292686 658292686 658292686 658292686 658292686 658292686 658292686 658292686 658292686 658292686 658292686 658292686 658292686 658292686 
658292686 658292686 658292686 658292686 658292686 658292686 658292686 658292686 658292686 658292686 658292686 658292686 658292686 658292686 658292686 658292686 
658292686 658292686 658292686 658292686 658292686 658292686 658292686 658292686 658292686 658292686 658292686 658292686 658292686 658292686 658292686 
658292686 658292686 658292686 658292686 658292686 658292686 658292686 658292686 658292686 658292686 658292686 658292686 658292686 658292686 
658292686 658292686 658292686 658292686 658292686 658292686 658292686 658292686 658292686 658292686 658292686 658292686 658292686 
658292686 658292686 658292686 658292686 658292686 658292686 658292686 658292686 658292686 658292686 658292686 658292686 
658292686 658292686 658292686 658292686 658292686 658292686 658292686 658292686 658292686 658292686 658292686 
658292686 658292686 658292686 658292686 658292686 658292686 658292686 658292686 658292686 658292686 
658292686 658292686 658292686 658292686 658292686 658292686 658292686 658292686 658292686 
658292686 658292686 658292686 658292686 658292686 658292686 658292686 658292686 
658292686 658292686 658292686 658292686 658292686 658292686 658292686 
658292686 658292686 658292686 658292686 658292686 658292686 
658292686 658292686 658292686 658292686 658292686 
658292686 658292686 658292686 658292686 
658292686 658292686 658292686 
658292686 658292686 
658292686 

