17
719419111 719419111 719419111 719419111 719419111 719419111 719419111 719419111 719419111 719419111 719419111 719419111 719419111 719419111 719419111 719419111 
719419111 719419111 719419111 719419111 719419111 719419111 719419111 719419111 719419111 719419111 719419111 719419111 719419111 719419111 719419111 
719419111 719419111 719419111 719419111 719419111 719419111 719419111 719419111 719419111 719419111 719419111 719419111 719419111 719419111 
719419111 719419111 719419111 719419111 719419111 719419111 719419111 719419111 719419111 719419111 719419111 719419111 719419111 
719419111 719419111 719419111 719419111 719419111 719419111 719419111 719419111 719419111 719419111 719419111 719419111 
719419111 719419111 719419111 719419111 719419111 719419111 719419111 719419111 719419111 719419111 719419111 
719419111 719419111 719419111 719419111 719419111 719419111 719419111 719419111 719419111 719419111 
719419111 719419111 719419111 719419111 719419111 719419111 719419111 719419111 719419111 
719419111 719419111 719419111 719419111 719419111 719419111 719419111 719419111 
719419111 719419111 719419111 719419111 719419111 719419111 719419111 
719419111 719419111 719419111 719419111 719419111 719419111 
719419111 719419111 719419111 719419111 719419111 
719419111 719419111 719419111 719419111 
719419111 719419111 719419111 
719419111 719419111 
719419111 

