1.000 
0.500 1.000 
0.333 0.667 1.000 
0.250 0.500 0.750 1.000 
0.200 0.400 0.600 0.800 1.000 
0.167 0.333 0.500 0.667 0.833 1.000 
0.143 0.286 0.429 0.571 0.714 0.857 1.000 
0.125 0.250 0.375 0.500 0.625 0.750 0.875 1.000 
0.111 0.222 0.333 0.444 0.556 0.667 0.778 0.889 1.000 
0.100 0.200 0.300 0.400 0.500 0.600 0.700 0.800 0.900 1.000 
0.091 0.182 0.273 0.364 0.455 0.545 0.636 0.727 0.818 0.909 1.000 
0.083 0.167 0.250 0.333 0.417 0.500 0.583 0.667 0.750 0.833 0.917 1.000 
0.077 0.154 0.231 0.308 0.385 0.462 0.538 0.615 0.692 0.769 0.846 0.923 1.000 
0.071 0.143 0.214 0.286 0.357 0.429 0.500 0.571 0.643 0.714 0.786 0.857 0.929 1.000 
0.067 0.133 0.200 0.267 0.333 0.400 0.467 0.533 0.600 0.667 0.733 0.800 0.867 0.933 1.000 
0.062 0.125 0.188 0.250 0.312 0.375 0.438 0.500 0.562 0.625 0.688 0.750 0.812 0.875 0.938 1.000 
0.059 0.118 0.176 0.235 0.294 0.353 0.412 0.471 0.529 0.588 0.647 0.706 0.765 0.824 0.882 0.941 1.000 
0.056 0.111 0.167 0.222 0.278 0.333 0.389 0.444 0.500 0.556 0.611 0.667 0.722 0.778 0.833 0.889 0.944 1.000 
0.053 0.105 0.158 0.211 0.263 0.316 0.368 0.421 0.474 0.526 0.579 0.632 0.684 0.737 0.789 0.842 0.895 0.947 1.000 
0.050 0.100 0.150 0.200 0.250 0.300 0.350 0.400 0.450 0.500 0.550 0.600 0.650 0.700 0.750 0.800 0.850 0.900 0.950 1.000 
0.048 0.095 0.143 0.190 0.238 0.286 0.333 0.381 0.429 0.476 0.524 0.571 0.619 0.667 0.714 0.762 0.810 0.857 0.905 0.952 1.000 
0.045 0.091 0.136 0.182 0.227 0.273 0.318 0.364 0.409 0.455 0.500 0.545 0.591 0.636 0.682 0.727 0.773 0.818 0.864 0.909 0.955 1.000 
0.043 0.087 0.130 0.174 0.217 0.261 0.304 0.348 0.391 0.435 0.478 0.522 0.565 0.609 0.652 0.696 0.739 0.783 0.826 0.870 0.913 0.957 1.000 
0.042 0.083 0.125 0.167 0.208 0.250 0.292 0.333 0.375 0.417 0.458 0.500 0.542 0.583 0.625 0.667 0.708 0.750 0.792 0.833 0.875 0.917 0.958 1.000 
0.040 0.080 0.120 0.160 0.200 0.240 0.280 0.320 0.360 0.400 0.440 0.480 0.520 0.560 0.600 0.640 0.680 0.720 0.760 0.800 0.840 0.880 0.920 0.960 1.000 
0.038 0.077 0.115 0.154 0.192 0.231 0.269 0.308 0.346 0.385 0.423 0.462 0.500 0.538 0.577 0.615 0.654 0.692 0.731 0.769 0.808 0.846 0.885 0.923 0.962 1.000 
0.037 0.074 0.111 0.148 0.185 0.222 0.259 0.296 0.333 0.370 0.407 0.444 0.481 0.519 0.556 0.593 0.630 0.667 0.704 0.741 0.778 0.815 0.852 0.889 0.926 0.963 1.000 
0.036 0.071 0.107 0.143 0.179 0.214 0.250 0.286 0.321 0.357 0.393 0.429 0.464 0.500 0.536 0.571 0.607 0.643 0.679 0.714 0.750 0.786 0.821 0.857 0.893 0.929 0.964 1.000 
0.034 0.069 0.103 0.138 0.172 0.207 0.241 0.276 0.310 0.345 0.379 0.414 0.448 0.483 0.517 0.552 0.586 0.621 0.655 0.690 0.724 0.759 0.793 0.828 0.862 0.897 0.931 0.966 1.000 
0.033 0.067 0.100 0.133 0.167 0.200 0.233 0.267 0.300 0.333 0.367 0.400 0.433 0.467 0.500 0.533 0.567 0.600 0.633 0.667 0.700 0.733 0.767 0.800 0.833 0.867 0.900 0.933 0.967 1.000 
0.032 0.065 0.097 0.129 0.161 0.194 0.226 0.258 0.290 0.323 0.355 0.387 0.419 0.452 0.484 0.516 0.548 0.581 0.613 0.645 0.677 0.710 0.742 0.774 0.806 0.839 0.871 0.903 0.935 0.968 1.000 
0.031 0.062 0.094 0.125 0.156 0.188 0.219 0.250 0.281 0.312 0.344 0.375 0.406 0.438 0.469 0.500 0.531 0.562 0.594 0.625 0.656 0.688 0.719 0.750 0.781 0.812 0.844 0.875 0.906 0.938 0.969 1.000 
0.030 0.061 0.091 0.121 0.152 0.182 0.212 0.242 0.273 0.303 0.333 0.364 0.394 0.424 0.455 0.485 0.515 0.545 0.576 0.606 0.636 0.667 0.697 0.727 0.758 0.788 0.818 0.848 0.879 0.909 0.939 0.970 1.000 
0.029 0.059 0.088 0.118 0.147 0.176 0.206 0.235 0.265 0.294 0.324 0.353 0.382 0.412 0.441 0.471 0.500 0.529 0.559 0.588 0.618 0.647 0.676 0.706 0.735 0.765 0.794 0.824 0.853 0.882 0.912 0.941 0.971 1.000 
0.029 0.057 0.086 0.114 0.143 0.171 0.200 0.229 0.257 0.286 0.314 0.343 0.371 0.400 0.429 0.457 0.486 0.514 0.543 0.571 0.600 0.629 0.657 0.686 0.714 0.743 0.771 0.800 0.829 0.857 0.886 0.914 0.943 0.971 1.000 
0.028 0.056 0.083 0.111 0.139 0.167 0.194 0.222 0.250 0.278 0.306 0.333 0.361 0.389 0.417 0.444 0.472 0.500 0.528 0.556 0.583 0.611 0.639 0.667 0.694 0.722 0.750 0.778 0.806 0.833 0.861 0.889 0.917 0.944 0.972 1.000 
0.027 0.054 0.081 0.108 0.135 0.162 0.189 0.216 0.243 0.270 0.297 0.324 0.351 0.378 0.405 0.432 0.459 0.486 0.514 0.541 0.568 0.595 0.622 0.649 0.676 0.703 0.730 0.757 0.784 0.811 0.838 0.865 0.892 0.919 0.946 0.973 1.000 
0.026 0.053 0.079 0.105 0.132 0.158 0.184 0.211 0.237 0.263 0.289 0.316 0.342 0.368 0.395 0.421 0.447 0.474 0.500 0.526 0.553 0.579 0.605 0.632 0.658 0.684 0.711 0.737 0.763 0.789 0.816 0.842 0.868 0.895 0.921 0.947 0.974 1.000 
0.026 0.051 0.077 0.103 0.128 0.154 0.179 0.205 0.231 0.256 0.282 0.308 0.333 0.359 0.385 0.410 0.436 0.462 0.487 0.513 0.538 0.564 0.590 0.615 0.641 0.667 0.692 0.718 0.744 0.769 0.795 0.821 0.846 0.872 0.897 0.923 0.949 0.974 1.000 
0.025 0.050 0.075 0.100 0.125 0.150 0.175 0.200 0.225 0.250 0.275 0.300 0.325 0.350 0.375 0.400 0.425 0.450 0.475 0.500 0.525 0.550 0.575 0.600 0.625 0.650 0.675 0.700 0.725 0.750 0.775 0.800 0.825 0.850 0.875 0.900 0.925 0.950 0.975 1.000 
0.024 0.049 0.073 0.098 0.122 0.146 0.171 0.195 0.220 0.244 0.268 0.293 0.317 0.341 0.366 0.390 0.415 0.439 0.463 0.488 0.512 0.537 0.561 0.585 0.610 0.634 0.659 0.683 0.707 0.732 0.756 0.780 0.805 0.829 0.854 0.878 0.902 0.927 0.951 0.976 1.000 
0.024 0.048 0.071 0.095 0.119 0.143 0.167 0.190 0.214 0.238 0.262 0.286 0.310 0.333 0.357 0.381 0.405 0.429 0.452 0.476 0.500 0.524 0.548 0.571 0.595 0.619 0.643 0.667 0.690 0.714 0.738 0.762 0.786 0.810 0.833 0.857 0.881 0.905 0.929 0.952 0.976 1.000 
0.023 0.047 0.070 0.093 0.116 0.140 0.163 0.186 0.209 0.233 0.256 0.279 0.302 0.326 0.349 0.372 0.395 0.419 0.442 0.465 0.488 0.512 0.535 0.558 0.581 0.605 0.628 0.651 0.674 0.698 0.721 0.744 0.767 0.791 0.814 0.837 0.860 0.884 0.907 0.930 0.953 0.977 1.000 
0.023 0.045 0.068 0.091 0.114 0.136 0.159 0.182 0.205 0.227 0.250 0.273 0.295 0.318 0.341 0.364 0.386 0.409 0.432 0.455 0.477 0.500 0.523 0.545 0.568 0.591 0.614 0.636 0.659 0.682 0.705 0.727 0.750 0.773 0.795 0.818 0.841 0.864 0.886 0.909 0.932 0.955 0.977 1.000 
0.022 0.044 0.067 0.089 0.111 0.133 0.156 0.178 0.200 0.222 0.244 0.267 0.289 0.311 0.333 0.356 0.378 0.400 0.422 0.444 0.467 0.489 0.511 0.533 0.556 0.578 0.600 0.622 0.644 0.667 0.689 0.711 0.733 0.756 0.778 0.800 0.822 0.844 0.867 0.889 0.911 0.933 0.956 0.978 1.000 
0.022 0.043 0.065 0.087 0.109 0.130 0.152 0.174 0.196 0.217 0.239 0.261 0.283 0.304 0.326 0.348 0.370 0.391 0.413 0.435 0.457 0.478 0.500 0.522 0.543 0.565 0.587 0.609 0.630 0.652 0.674 0.696 0.717 0.739 0.761 0.783 0.804 0.826 0.848 0.870 0.891 0.913 0.935 0.957 0.978 1.000 
0.021 0.043 0.064 0.085 0.106 0.128 0.149 0.170 0.191 0.213 0.234 0.255 0.277 0.298 0.319 0.340 0.362 0.383 0.404 0.426 0.447 0.468 0.489 0.511 0.532 0.553 0.574 0.596 0.617 0.638 0.660 0.681 0.702 0.723 0.745 0.766 0.787 0.809 0.830 0.851 0.872 0.894 0.915 0.936 0.957 0.979 1.000 
0.021 0.042 0.062 0.083 0.104 0.125 0.146 0.167 0.188 0.208 0.229 0.250 0.271 0.292 0.312 0.333 0.354 0.375 0.396 0.417 0.438 0.458 0.479 0.500 0.521 0.542 0.562 0.583 0.604 0.625 0.646 0.667 0.688 0.708 0.729 0.750 0.771 0.792 0.812 0.833 0.854 0.875 0.896 0.917 0.938 0.958 0.979 1.000 
0.020 0.041 0.061 0.082 0.102 0.122 0.143 0.163 0.184 0.204 0.224 0.245 0.265 0.286 0.306 0.327 0.347 0.367 0.388 0.408 0.429 0.449 0.469 0.490 0.510 0.531 0.551 0.571 0.592 0.612 0.633 0.653 0.673 0.694 0.714 0.735 0.755 0.776 0.796 0.816 0.837 0.857 0.878 0.898 0.918 0.939 0.959 0.980 1.000 
0.020 0.040 0.060 0.080 0.100 0.120 0.140 0.160 0.180 0.200 0.220 0.240 0.260 0.280 0.300 0.320 0.340 0.360 0.380 0.400 0.420 0.440 0.460 0.480 0.500 0.520 0.540 0.560 0.580 0.600 0.620 0.640 0.660 0.680 0.700 0.720 0.740 0.760 0.780 0.800 0.820 0.840 0.860 0.880 0.900 0.920 0.940 0.960 0.980 1.000 
