1.00000 
0.50000 1.00000 
0.33333 0.66667 1.00000 
0.25000 0.50000 0.75000 1.00000 
0.20000 0.40000 0.60000 0.80000 1.00000 
0.16667 0.33333 0.50000 0.66667 0.83333 1.00000 
0.14286 0.28571 0.42857 0.57143 0.71429 0.85714 1.00000 
0.12500 0.25000 0.37500 0.50000 0.62500 0.75000 0.87500 1.00000 
0.11111 0.22222 0.33333 0.44444 0.55556 0.66667 0.77778 0.88889 1.00000 
0.10000 0.20000 0.30000 0.40000 0.50000 0.60000 0.70000 0.80000 0.90000 1.00000 
0.09091 0.18182 0.27273 0.36364 0.45455 0.54545 0.63636 0.72727 0.81818 0.90909 1.00000 
0.08333 0.16667 0.25000 0.33333 0.41667 0.50000 0.58333 0.66667 0.75000 0.83333 0.91667 1.00000 
0.07692 0.15385 0.23077 0.30769 0.38462 0.46154 0.53846 0.61538 0.69231 0.76923 0.84615 0.92308 1.00000 
0.07143 0.14286 0.21429 0.28571 0.35714 0.42857 0.50000 0.57143 0.64286 0.71429 0.78571 0.85714 0.92857 1.00000 
0.06667 0.13333 0.20000 0.26667 0.33333 0.40000 0.46667 0.53333 0.60000 0.66667 0.73333 0.80000 0.86667 0.93333 1.00000 
0.06250 0.12500 0.18750 0.25000 0.31250 0.37500 0.43750 0.50000 0.56250 0.62500 0.68750 0.75000 0.81250 0.87500 0.93750 1.00000 
0.05882 0.11765 0.17647 0.23529 0.29412 0.35294 0.41176 0.47059 0.52941 0.58824 0.64706 0.70588 0.76471 0.82353 0.88235 0.94118 1.00000 
0.05556 0.11111 0.16667 0.22222 0.27778 0.33333 0.38889 0.44444 0.50000 0.55556 0.61111 0.66667 0.72222 0.77778 0.83333 0.88889 0.94444 1.00000 
0.05263 0.10526 0.15789 0.21053 0.26316 0.31579 0.36842 0.42105 0.47368 0.52632 0.57895 0.63158 0.68421 0.73684 0.78947 0.84211 0.89474 0.94737 1.00000 
0.05000 0.10000 0.15000 0.20000 0.25000 0.30000 0.35000 0.40000 0.45000 0.50000 0.55000 0.60000 0.65000 0.70000 0.75000 0.80000 0.85000 0.90000 0.95000 1.00000 
0.04762 0.09524 0.14286 0.19048 0.23810 0.28571 0.33333 0.38095 0.42857 0.47619 0.52381 0.57143 0.61905 0.66667 0.71429 0.76190 0.80952 0.85714 0.90476 0.95238 1.00000 
0.04545 0.09091 0.13636 0.18182 0.22727 0.27273 0.31818 0.36364 0.40909 0.45455 0.50000 0.54545 0.59091 0.63636 0.68182 0.72727 0.77273 0.81818 0.86364 0.90909 0.95455 1.00000 
0.04348 0.08696 0.13043 0.17391 0.21739 0.26087 0.30435 0.34783 0.39130 0.43478 0.47826 0.52174 0.56522 0.60870 0.65217 0.69565 0.73913 0.78261 0.82609 0.86957 0.91304 0.95652 1.00000 
0.04167 0.08333 0.12500 0.16667 0.20833 0.25000 0.29167 0.33333 0.37500 0.41667 0.45833 0.50000 0.54167 0.58333 0.62500 0.66667 0.70833 0.75000 0.79167 0.83333 0.87500 0.91667 0.95833 1.00000 
0.04000 0.08000 0.12000 0.16000 0.20000 0.24000 0.28000 0.32000 0.36000 0.40000 0.44000 0.48000 0.52000 0.56000 0.60000 0.64000 0.68000 0.72000 0.76000 0.80000 0.84000 0.88000 0.92000 0.96000 1.00000 
0.03846 0.07692 0.11538 0.15385 0.19231 0.23077 0.26923 0.30769 0.34615 0.38462 0.42308 0.46154 0.50000 0.53846 0.57692 0.61538 0.65385 0.69231 0.73077 0.76923 0.80769 0.84615 0.88462 0.92308 0.96154 1.00000 
0.03704 0.07407 0.11111 0.14815 0.18519 0.22222 0.25926 0.29630 0.33333 0.37037 0.40741 0.44444 0.48148 0.51852 0.55556 0.59259 0.62963 0.66667 0.70370 0.74074 0.77778 0.81481 0.85185 0.88889 0.92593 0.96296 1.00000 
0.03571 0.07143 0.10714 0.14286 0.17857 0.21429 0.25000 0.28571 0.32143 0.35714 0.39286 0.42857 0.46429 0.50000 0.53571 0.57143 0.60714 0.64286 0.67857 0.71429 0.75000 0.78571 0.82143 0.85714 0.89286 0.92857 0.96429 1.00000 
0.03448 0.06897 0.10345 0.13793 0.17241 0.20690 0.24138 0.27586 0.31034 0.34483 0.37931 0.41379 0.44828 0.48276 0.51724 0.55172 0.58621 0.62069 0.65517 0.68966 0.72414 0.75862 0.79310 0.82759 0.86207 0.89655 0.93103 0.96552 1.00000 
0.03333 0.06667 0.10000 0.13333 0.16667 0.20000 0.23333 0.26667 0.30000 0.33333 0.36667 0.40000 0.43333 0.46667 0.50000 0.53333 0.56667 0.60000 0.63333 0.66667 0.70000 0.73333 0.76667 0.80000 0.83333 0.86667 0.90000 0.93333 0.96667 1.00000 
0.03226 0.06452 0.09677 0.12903 0.16129 0.19355 0.22581 0.25806 0.29032 0.32258 0.35484 0.38710 0.41935 0.45161 0.48387 0.51613 0.54839 0.58065 0.61290 0.64516 0.67742 0.70968 0.74194 0.77419 0.80645 0.83871 0.87097 0.90323 0.93548 0.96774 1.00000 
0.03125 0.06250 0.09375 0.12500 0.15625 0.18750 0.21875 0.25000 0.28125 0.31250 0.34375 0.37500 0.40625 0.43750 0.46875 0.50000 0.53125 0.56250 0.59375 0.62500 0.65625 0.68750 0.71875 0.75000 0.78125 0.81250 0.84375 0.87500 0.90625 0.93750 0.96875 1.00000 
0.03030 0.06061 0.09091 0.12121 0.15152 0.18182 0.21212 0.24242 0.27273 0.30303 0.33333 0.36364 0.39394 0.42424 0.45455 0.48485 0.51515 0.54545 0.57576 0.60606 0.63636 0.66667 0.69697 0.72727 0.75758 0.78788 0.81818 0.84848 0.87879 0.90909 0.93939 0.96970 1.00000 
0.02941 0.05882 0.08824 0.11765 0.14706 0.17647 0.20588 0.23529 0.26471 0.29412 0.32353 0.35294 0.38235 0.41176 0.44118 0.47059 0.50000 0.52941 0.55882 0.58824 0.61765 0.64706 0.67647 0.70588 0.73529 0.76471 0.79412 0.82353 0.85294 0.88235 0.91176 0.94118 0.97059 1.00000 
0.02857 0.05714 0.08571 0.11429 0.14286 0.17143 0.20000 0.22857 0.25714 0.28571 0.31429 0.34286 0.37143 0.40000 0.42857 0.45714 0.48571 0.51429 0.54286 0.57143 0.60000 0.62857 0.65714 0.68571 0.71429 0.74286 0.77143 0.80000 0.82857 0.85714 0.88571 0.91429 0.94286 0.97143 1.00000 
0.02778 0.05556 0.08333 0.11111 0.13889 0.16667 0.19444 0.22222 0.25000 0.27778 0.30556 0.33333 0.36111 0.38889 0.41667 0.44444 0.47222 0.50000 0.52778 0.55556 0.58333 0.61111 0.63889 0.66667 0.69444 0.72222 0.75000 0.77778 0.80556 0.83333 0.86111 0.88889 0.91667 0.94444 0.97222 1.00000 
0.02703 0.05405 0.08108 0.10811 0.13514 0.16216 0.18919 0.21622 0.24324 0.27027 0.29730 0.32432 0.35135 0.37838 0.40541 0.43243 0.45946 0.48649 0.51351 0.54054 0.56757 0.59459 0.62162 0.64865 0.67568 0.70270 0.72973 0.75676 0.78378 0.81081 0.83784 0.86486 0.89189 0.91892 0.94595 0.97297 1.00000 
0.02632 0.05263 0.07895 0.10526 0.13158 0.15789 0.18421 0.21053 0.23684 0.26316 0.28947 0.31579 0.34211 0.36842 0.39474 0.42105 0.44737 0.47368 0.50000 0.52632 0.55263 0.57895 0.60526 0.63158 0.65789 0.68421 0.71053 0.73684 0.76316 0.78947 0.81579 0.84211 0.86842 0.89474 0.92105 0.94737 0.97368 1.00000 
0.02564 0.05128 0.07692 0.10256 0.12821 0.15385 0.17949 0.20513 0.23077 0.25641 0.28205 0.30769 0.33333 0.35897 0.38462 0.41026 0.43590 0.46154 0.48718 0.51282 0.53846 0.56410 0.58974 0.61538 0.64103 0.66667 0.69231 0.71795 0.74359 0.76923 0.79487 0.82051 0.84615 0.87179 0.89744 0.92308 0.94872 0.97436 1.00000 
0.02500 0.05000 0.07500 0.10000 0.12500 0.15000 0.17500 0.20000 0.22500 0.25000 0.27500 0.30000 0.32500 0.35000 0.37500 0.40000 0.42500 0.45000 0.47500 0.50000 0.52500 0.55000 0.57500 0.60000 0.62500 0.65000 0.67500 0.70000 0.72500 0.75000 0.77500 0.80000 0.82500 0.85000 0.87500 0.90000 0.92500 0.95000 0.97500 1.00000 
0.02439 0.04878 0.07317 0.09756 0.12195 0.14634 0.17073 0.19512 0.21951 0.24390 0.26829 0.29268 0.31707 0.34146 0.36585 0.39024 0.41463 0.43902 0.46341 0.48780 0.51220 0.53659 0.56098 0.58537 0.60976 0.63415 0.65854 0.68293 0.70732 0.73171 0.75610 0.78049 0.80488 0.82927 0.85366 0.87805 0.90244 0.92683 0.95122 0.97561 1.00000 
0.02381 0.04762 0.07143 0.09524 0.11905 0.14286 0.16667 0.19048 0.21429 0.23810 0.26190 0.28571 0.30952 0.33333 0.35714 0.38095 0.40476 0.42857 0.45238 0.47619 0.50000 0.52381 0.54762 0.57143 0.59524 0.61905 0.64286 0.66667 0.69048 0.71429 0.73810 0.76190 0.78571 0.80952 0.83333 0.85714 0.88095 0.90476 0.92857 0.95238 0.97619 1.00000 
0.02326 0.04651 0.06977 0.09302 0.11628 0.13953 0.16279 0.18605 0.20930 0.23256 0.25581 0.27907 0.30233 0.32558 0.34884 0.37209 0.39535 0.41860 0.44186 0.46512 0.48837 0.51163 0.53488 0.55814 0.58140 0.60465 0.62791 0.65116 0.67442 0.69767 0.72093 0.74419 0.76744 0.79070 0.81395 0.83721 0.86047 0.88372 0.90698 0.93023 0.95349 0.97674 1.00000 
0.02273 0.04545 0.06818 0.09091 0.11364 0.13636 0.15909 0.18182 0.20455 0.22727 0.25000 0.27273 0.29545 0.31818 0.34091 0.36364 0.38636 0.40909 0.43182 0.45455 0.47727 0.50000 0.52273 0.54545 0.56818 0.59091 0.61364 0.63636 0.65909 0.68182 0.70455 0.72727 0.75000 0.77273 0.79545 0.81818 0.84091 0.86364 0.88636 0.90909 0.93182 0.95455 0.97727 1.00000 
0.02222 0.04444 0.06667 0.08889 0.11111 0.13333 0.15556 0.17778 0.20000 0.22222 0.24444 0.26667 0.28889 0.31111 0.33333 0.35556 0.37778 0.40000 0.42222 0.44444 0.46667 0.48889 0.51111 0.53333 0.55556 0.57778 0.60000 0.62222 0.64444 0.66667 0.68889 0.71111 0.73333 0.75556 0.77778 0.80000 0.82222 0.84444 0.86667 0.88889 0.91111 0.93333 0.95556 0.97778 1.00000 
0.02174 0.04348 0.06522 0.08696 0.10870 0.13043 0.15217 0.17391 0.19565 0.21739 0.23913 0.26087 0.28261 0.30435 0.32609 0.34783 0.36957 0.39130 0.41304 0.43478 0.45652 0.47826 0.50000 0.52174 0.54348 0.56522 0.58696 0.60870 0.63043 0.65217 0.67391 0.69565 0.71739 0.73913 0.76087 0.78261 0.80435 0.82609 0.84783 0.86957 0.89130 0.91304 0.93478 0.95652 0.97826 1.00000 
0.02128 0.04255 0.06383 0.08511 0.10638 0.12766 0.14894 0.17021 0.19149 0.21277 0.23404 0.25532 0.27660 0.29787 0.31915 0.34043 0.36170 0.38298 0.40426 0.42553 0.44681 0.46809 0.48936 0.51064 0.53191 0.55319 0.57447 0.59574 0.61702 0.63830 0.65957 0.68085 0.70213 0.72340 0.74468 0.76596 0.78723 0.80851 0.82979 0.85106 0.87234 0.89362 0.91489 0.93617 0.95745 0.97872 1.00000 
0.02083 0.04167 0.06250 0.08333 0.10417 0.12500 0.14583 0.16667 0.18750 0.20833 0.22917 0.25000 0.27083 0.29167 0.31250 0.33333 0.35417 0.37500 0.39583 0.41667 0.43750 0.45833 0.47917 0.50000 0.52083 0.54167 0.56250 0.58333 0.60417 0.62500 0.64583 0.66667 0.68750 0.70833 0.72917 0.75000 0.77083 0.79167 0.81250 0.83333 0.85417 0.87500 0.89583 0.91667 0.93750 0.95833 0.97917 1.00000 
0.02041 0.04082 0.06122 0.08163 0.10204 0.12245 0.14286 0.16327 0.18367 0.20408 0.22449 0.24490 0.26531 0.28571 0.30612 0.32653 0.34694 0.36735 0.38776 0.40816 0.42857 0.44898 0.46939 0.48980 0.51020 0.53061 0.55102 0.57143 0.59184 0.61224 0.63265 0.65306 0.67347 0.69388 0.71429 0.73469 0.75510 0.77551 0.79592 0.81633 0.83673 0.85714 0.87755 0.89796 0.91837 0.93878 0.95918 0.97959 1.00000 
0.02000 0.04000 0.06000 0.08000 0.10000 0.12000 0.14000 0.16000 0.18000 0.20000 0.22000 0.24000 0.26000 0.28000 0.30000 0.32000 0.34000 0.36000 0.38000 0.40000 0.42000 0.44000 0.46000 0.48000 0.50000 0.52000 0.54000 0.56000 0.58000 0.60000 0.62000 0.64000 0.66000 0.68000 0.70000 0.72000 0.74000 0.76000 0.78000 0.80000 0.82000 0.84000 0.86000 0.88000 0.90000 0.92000 0.94000 0.96000 0.98000 1.00000 
