49 587347 -27486
1264 1392
-342 789
40 1672
501 1357
1758 1848
-1304 -394
-1271 -367
1170 1275
1343 1756
96 352
1589 1846
1688 1846
-1468 70
567 567
1389 1698
1557 1578
-26 1651
501 1808
-1270 239
1128 1128
844 1124
-147 -143
-378 791
-96 1473
-685 549
-1094 -671
924 1167
1543 1693
-1836 768
-386 -380
-1360 -1088
290 387
-1526 -1526
-140 623
754 1310
-411 751
767 1263
-360 1814
-1808 415
-1919 -1693
-1698 -1378
-1199 1034
-1092 -312
-764 -446
1114 1352
-576 1082
1539 1965
-1047 -259
389 950

