50 29988 99031
-261 -261
651 1627
-1210 -305
-1643 193
404 893
-618 849
1656 1732
-1321 545
829 1879
1309 1800
1012 1843
816 844
-802 -319
1791 1927
-1366 436
218 1646
-1381 486
-1117 -275
1874 1888
-420 1367
-1571 1010
910 1774
1281 1424
-1958 88
-451 319
-42 1312
-617 1927
976 1534
315 1904
847 1541
314 985
1926 1944
-1640 -974
-1925 -1663
-1405 -1405
660 1367
-1269 -285
-1317 679
1163 1298
-1809 133
1631 1866
1973 1973
-173 951
-45 -45
-836 1783
1311 1566
-833 -408
1000 1885
719 1950
-7 734

