49 908228 23250
-1967 -1967
-997 619
1128 1325
1820 1844
1777 1889
1849 1854
824 1460
-68 131
-481 -481
-1629 -1629
1039 1436
-299 671
-1954 1836
-434 1563
-1948 1645
-1336 291
-51 1152
-66 584
-528 550
-487 1872
-1505 -1505
-1660 651
982 1955
1829 1945
-1033 -824
-1709 -1179
1286 1907
-318 227
-246 64
-1338 145
1646 1954
1941 1981
1416 1938
-1356 -32
-991 -876
-71 -3
-174 1583
-252 1920
1347 1445
-1775 1144
1346 1938
1482 1654
-516 -383
534 534
-1732 -343
-1312 -1017
368 692
1282 1303
1754 1898

