50 392747 -50020
780 1887
-1371 -916
1520 1945
232 380
-1691 -264
1538 1739
-157 1191
978 1674
-1097 127
618 934
1006 1478
1119 1930
-1406 651
-1092 141
-1894 1178
-1845 1987
697 1735
1782 1902
-484 -306
695 1957
818 1718
1522 1654
-1982 -446
1502 1775
71 277
-446 1792
-1295 402
434 875
-1220 492
-1879 933
-748 -266
798 798
-1385 1919
1271 1271
-1656 -1656
-1750 -1126
1500 1514
1412 1689
1724 1724
834 1600
1713 1719
756 1315
-311 -78
925 1033
93 93
-1180 -274
563 1646
1704 1704
-969 1816
-499 1997

