45 548484 23534
-842 -689
-339 789
1530 1725
-77 785
-1221 -889
564 579
1452 1657
1370 1515
113 316
-1682 411
-1681 -574
-1363 1532
1633 1956
389 692
-1837 1027
-1360 -86
402 402
-646 -646
-1438 334
-1963 196
-813 396
-1157 -363
-600 -351
531 1834
-810 -34
-469 -431
1870 1892
1580 1580
877 985
-1460 1633
-775 721
-1665 1774
1415 1872
1456 1743
-1651 1071
-49 740
1603 1606
-1655 -118
-1466 1994
-901 -901
371 1237
463 1705
415 1072
-1440 426
573 1760

