300 40
5264973 5685519
1433182 5157739
6372693 6541851
6700592 7350483
1454865 5719404
2308893 13180916
10104093 18363288
7190893 12715999
20346109 22504323
20467928 22460536
23147979 23323114
23518986 26224326
18033963 23062033
28063341 32519623
32693549 33450199
33472887 33721656
22361454 33396693
31759649 39595520
34167669 42391539
33936289 41868102
33924743 48051065
40397170 45289050
49524468 51075740
52902599 53037819
47875840 57098860
54264411 56532171
55726184 64724405
51318124 66997745
64671734 67686461
59433420 71487903
71596898 72993543
72020913 74071612
67633327 75216069
77021346 82482078
81582178 89257211
60602635 67710137
80082974 91690127
85579942 89989146
93182141 95375867
96457423 97176236
91083405 99256120
92119687 98077737
98214922 99600540
95532676 102603421
103861846 105116720
103559425 108280759
102456786 109268702
109370901 110572663
100217063 110650137
108917490 113998860
115994195 117819607
108535495 123387421
106147955 123497904
124218350 124676777
125442673 126999761
115581213 127068551
111975272 128839717
129510920 132788913
130756034 134259200
134384280 137767150
142911656 143382316
137511950 151043535
135760835 149332631
148580450 154185662
151080237 157562054
127970226 155346778
154613148 166938853
163525415 164661420
173345429 174046202
160818680 170470924
168844221 179366066
168282938 184761075
178637883 188142696
182661052 190833952
183622069 191941907
187114826 196819725
187977310 201143243
191296933 197279440
208071160 210209323
194960580 202627956
208749627 216405474
206840650 216849481
211195241 219402595
218527368 231125485
219977637 235300828
212807306 234550262
239052707 240770080
218124452 225247002
242324197 243460893
238393716 261467973
245894177 246961683
261440628 263079335
261698137 267630819
263918056 268069447
263021991 266115929
265578398 275275927
271678088 274203155
273034789 282039981
269992266 290276643
278027323 284245270
281562287 291530145
291430934 293983059
298101678 301621914
300063761 304002373
297265376 305564922
303003747 310621567
287797867 305729813
311078025 311107956
313043034 313140402
304885061 314079503
311842377 318280293
321789800 330085258
314823546 330420345
318498606 336948208
323689667 336022903
301950248 343429400
337888382 345126834
349416695 349573500
348073062 359548908
335613312 352341875
363935770 364656550
364058557 369681903
343305801 380265581
369875092 376195687
385560323 387758635
386204433 389643702
376117426 389671495
389367404 390378593
380921671 392095108
391232997 392262467
394541013 397473000
380556329 393584279
395600056 399450727
394009081 402325821
400166229 410146740
400699961 411836366
412067912 416081178
407082376 418540666
415910479 420906865
420714771 428727674
406752196 428799871
441116410 446681336
447193155 447401223
418658584 455223748
423896805 460798479
436990273 459154029
453743915 465081801
461120267 464860449
462487509 465169757
466365236 469184997
469133996 476544271
476822718 477172274
480140384 485041622
475926102 490358902
462651160 472164640
492300557 496489837
487456204 501772790
502295986 507154090
499975414 512007393
511461182 513977171
508182752 514322971
521087550 522932004
519520780 523936501
512608283 519119707
522953148 529054641
525895535 528328389
531176762 532738911
475224723 530721864
534488167 534988276
533659027 538586021
543391494 545319391
545357538 546742254
547751558 551257196
536279843 550825111
530470966 552460315
543194240 554952648
558010460 567676015
573552950 576987264
552550868 566989194
568911301 580974517
566293281 585975319
578392151 587500764
588026753 589314764
582420975 591280963
592437606 593993447
586593850 598543035
586871407 602733454
608782022 609827962
580518694 602931244
605276309 610236268
611359811 614185438
615650419 615801264
612285362 623372109
609921590 635059734
611552791 635338794
621581068 627336149
641433120 645493778
637571362 651032043
634822962 660894886
643396452 660380887
661708691 667905296
662696059 672996826
657285890 671538162
641237767 677291143
676203482 680372614
672851083 685914521
685385591 687158474
678556203 688949699
686703512 700847015
697049818 706730888
704262726 708616938
711042019 713165764
710426719 715286619
673780367 712848500
713870684 721233642
725795536 726355339
720666741 728663099
727571538 732563810
726723650 731421288
729366311 735240014
731934184 736816161
737205220 738458592
738222366 738745047
741404601 749551738
741938908 752245457
736252184 738298775
750298768 755494297
760884513 768787202
753165910 770474912
766677576 775962185
772315866 782929728
763543612 770764038
783613987 786867584
776984697 795420397
789906385 792671005
788510220 796127426
793342171 800127003
799521565 801191988
796922464 797822914
801241130 807516043
808424131 814005471
802422758 806475997
819285901 822463624
808445463 816219694
803920737 825271373
826080113 830556105
831500472 840295826
822512046 838433152
824301695 848313726
841127733 843709771
848506113 850504264
836628841 857038389
848343336 848807206
860215943 869226667
862948371 870282788
860176600 870628731
864362072 869604014
871838600 875448849
876909290 879152548
878707792 879288367
863740219 878453290
877879134 879987691
882729451 883552834
880027971 885190088
884201425 890881116
889138901 894424149
898530580 899302129
886573685 899386697
886000310 900248792
888018041 908532273
905777697 908825375
906762845 910231708
903154548 909892718
914039955 914802308
910014715 917867887
914969124 917837225
915430643 920637967
921183174 921557642
911275626 921597394
920159869 923449798
922821374 924635730
920944144 927329093
926796727 930075232
936837974 938924660
925085392 941128146
939500102 944563848
946124871 947700100
928054351 948608804
925978480 954022996
946405310 957345454
965559731 967226930
959396007 967133295
945524264 969660722
980328024 984896011
979491313 987115061
972969308 978047957
990456924 995091522
988453255 995338249
986347069 999484910
991518478 996244077
