300 60
4889160 5937895
218702 3644887
9597996 10840192
14462849 20551474
553314 9211418
577987 22047501
20834966 23678194
17834661 20898193
26030067 30060676
27141507 28553566
30915949 31202027
32735806 33451131
23274250 30088930
34671645 36427442
36802415 38632837
39074637 39832388
27947493 36894459
35923209 47015907
45989465 53435630
44871544 50661905
43595106 57633850
47100766 55093270
59545476 61343843
62551814 63923198
55961273 67346314
66153477 66977769
66506977 69498967
62170817 69850500
69011819 71113123
67566226 72363280
72645327 74952439
74773000 75198631
70860215 75265999
77718051 86985990
82137326 89262397
68593428 72126236
81481013 92749593
87624306 90998576
95630279 95733607
98039075 99548261
92677356 103107812
93250480 101428998
102798274 103318132
96128907 105726904
106495792 106914608
106439341 108532030
105550723 110970523
111772492 112957990
103370350 113635737
110631347 118231132
126318237 126454592
109947018 129565643
107572213 131676868
132449279 132780933
133724250 134589055
124292921 136037785
114588741 138271174
140222583 141570644
141151726 141599586
141731594 146297538
150550245 153735906
145162360 158410323
143256966 155507781
154278911 163906529
159904846 170377261
136046942 169509039
168928220 180355873
178563094 179789179
186183544 187159175
173735798 184964066
183385233 189189187
182258489 196205768
188834515 196892805
191729034 197479742
194036213 199817605
196440249 201110824
196742687 203178299
199076882 201343085
209351953 213818741
200217543 203212206
209523379 218474066
204001493 219522647
215327923 225887805
223180639 241753682
226972921 245339604
216752946 242210688
251211475 252245247
222856909 229435766
255136671 255804079
248374166 264573421
258503864 261472733
262265788 279289869
264919252 286373061
282513294 286455745
267461868 286368678
282610434 300773713
292439253 300432641
293287151 309556164
289520773 314725913
301057748 310540543
306101955 316514413
315024367 316766023
320907678 326982498
325348208 330148901
318672563 332855255
329409744 335151189
313790249 333782178
339150451 339248494
341299584 341320883
330922910 343282356
339267760 346197230
348492380 352519186
344589195 352664083
346315364 353522151
350165016 353147151
328295996 357166264
355327743 359689697
360151484 362683709
359710915 365421781
352937367 365282141
365804551 369358950
366976698 369927356
355798671 375102551
370005599 373687934
379217969 387137033
379228351 389752205
372683876 390733628
387777703 393772797
378804706 403662938
399505360 403840925
405481450 409912859
377168565 404710168
408343864 411451032
405137114 414741800
413631698 419104696
413932555 419698117
419711706 420608018
416659508 421572968
419718953 425958019
425799299 426457921
415754854 426945172
432873431 433520708
435771180 435963842
423991557 439864260
426135501 444004535
429164034 442758260
439005627 448186613
444238022 447975527
444468964 448285076
449361163 450896465
449403990 453747296
455417142 456787024
457074342 459519404
453189305 462271907
445856489 452427012
462492607 468336331
459926541 470256127
470565014 473022418
469584261 482572256
481240627 484393522
476765604 485228728
488125632 488148560
487518219 494882100
483339821 486566627
493904108 502592388
497597243 499650311
504159535 504247974
452704998 503382947
511562491 513429882
506456666 518336184
524877457 526318107
529481246 529955671
530945672 530999091
515112594 530998049
503168566 533164663
523815983 539492401
539965484 546956641
551889988 552082855
537225781 545576501
547280713 556347772
544868703 557682991
553841917 560963195
561183300 561444008
557246711 562067057
562231549 562576979
558347360 567733534
560039311 567820374
571197987 572231552
555008643 568431027
570666287 577919265
579734926 586317330
588132820 588534351
581480290 592212439
577002388 595904753
580781965 596348219
591708796 594127440
608277614 613023429
602334597 613660347
595530899 618353786
609882077 616314008
620602097 626493016
624385874 632572555
614198607 627662317
606977978 640312925
637343190 643803913
631681218 645943693
645156667 648855725
643293648 653766890
647884107 665767152
654563805 668195017
666342386 670060028
674057177 675075298
671819157 677007676
635589280 674931863
675166485 680887755
681878082 682288718
680030819 695351138
686485570 699722579
685394003 698052186
696165799 700769855
698775358 704746977
705068985 709218593
705079173 712042739
717619755 718944328
718294958 721871770
704597090 706290847
719396257 723337168
723551153 733902758
722949309 736256503
731440650 742348930
738698640 746301873
725353872 738428660
747220721 747617234
743920985 754695785
751402044 752800057
747622275 757757876
754096797 775636873
773059588 776642428
760653515 761245544
783764879 791081031
791428416 793038863
785315629 788680661
802176992 809032830
791692047 797536708
788318684 811682903
815541683 816308832
817546974 828321723
810060043 827487799
811239998 837001180
834426385 834498110
842539289 845812666
825248968 846079026
841639378 844074539
847268769 859318964
847829658 862318906
846850196 863645019
851573800 860563689
863881841 864609233
868881553 872665419
872357378 875242075
848680304 871318643
869643991 876783469
879778721 880146323
876860110 884146868
883083527 887627069
884397055 888547512
888640180 889755747
884224480 892368671
884211907 892627304
884244577 896563264
894580639 898612326
894688053 905346332
892734386 902735914
908464571 911438556
904426012 918142898
914469323 918008732
916765476 920755688
923525291 924321127
908051828 924349378
919587700 925961087
925227956 926617891
923052271 931552996
931403555 934924176
939242090 939540215
929950161 942775861
939566240 951701372
952853754 953547970
932436764 954639134
931391722 955589750
952895248 957382516
961457669 969704020
958596007 966552001
952535695 972277971
978140601 984537056
977169791 988126494
976464532 976616431
989073868 992638399
988837941 993306489
986629237 997307680
990329107 994381140
