100 1 1
47595262 290094977 132477822 165919775 380189311 279041545 30709526 131338373 90269137 64054623 504307189 178653601 81562465 37739845 490226326 133105340 12403813 55547088 116941371 151621336 65972876 308412707 77272585 474918357 168626121 295584991 295206088 518297181 14416438 728910330 313957916 317000315 78735421 276558118 463040401 594935621 194937004 239099276 420497 345923371 99608574 720415214 76755001 187795578 120628397 27129337 160049253 2315050 231848841 83932531 169545251 114927985 188595953 70272569 217697005 721879461 173416231 568855 37091679 27069407 575806449 371708056 412846149 2322541 11507507 28354537 265598009 524306119 180525727 365036551 188381607 758449123 502474465 385628998 116205949 1564296 110212441 321413112 1939096 906928205 679441435 27274357 124153684 783412201 229087765 253821715 252499001 17464321 230996165 253710428 51067909 583457919 201219265 170115499 158080825 108756001 261522388 719775215 245047172 298461871
2 1
3 2
4 1
5 4
6 1
7 1
8 5
9 7
10 8
11 5
12 8
13 7
14 8
15 9
16 11
17 11
18 13
19 15
20 15
21 18
22 19
23 21
24 20
25 20
26 20
27 24
28 26
29 25
30 26
31 28
32 31
33 32
34 33
35 34
36 34
37 32
38 32
39 34
40 36
41 38
42 36
43 37
44 43
45 44
46 45
47 46
48 43
49 43
50 46
51 47
52 49
53 47
54 51
55 53
56 54
57 51
58 56
59 56
60 56
61 56
62 59
63 61
64 63
65 60
66 63
67 66
68 67
69 66
70 66
71 65
72 68
73 72
74 73
75 71
76 73
77 71
78 74
79 76
80 75
81 76
82 77
83 82
84 79
85 80
86 80
87 85
88 83
89 86
90 85
91 87
92 89
93 87
94 91
95 91
96 91
97 91
98 93
99 94
100 97
99
2
3
4
5
6
7
8
9
10
11
12
13
14
15
16
17
18
19
20
21
22
23
24
25
26
27
28
29
30
31
32
33
34
35
36
37
38
39
40
41
42
43
44
45
46
47
48
49
50
51
52
53
54
55
56
57
58
59
60
61
62
63
64
65
66
67
68
69
70
71
72
73
74
75
76
77
78
79
80
81
82
83
84
85
86
87
88
89
90
91
92
93
94
95
96
97
98
99
100
