1 2
1 2
1 2
2 2
1 3
2 1
1 3
1 3
2 3
2 3
1 4
2 4
2 3
2 3
2 3
2 4
3 3
2 3
2 3
3 4
1 4
3 3
3 3
3 3
1 4
2 4
2 3
4 3
3 4
1 4
3 4
1 4
2 4
2 4
2 4
4 4
3 4
2 4
1 5
2 4
3 4
3 4
2 4
2 5
3 4
3 4
3 4
4 4
3 4
4 4
3 4
1 5
3 4
1 5
2 5
3 5
3 5
2 5
2 5
3 5
2 5
2 5
2 5
3 5
2 5
2 5
3 5
2 5
4 5
3 5
3 5
3 5
1 6
2 5
4 5
4 5
1 6
2 5
3 5
3 5
3 5
1 6
2 6
3 5
2 6
3 6
2 6
2 6
3 6
4 6
3 6
4 6
3 6
4 6
2 6
4 6
5 6
2 6
3 6
2 6
3 6
1 7
2 6
2 7
3 7
2 7
4 6
2 7
3 7
3 7
3 7
4 7
4 7
3 7
3 7
3 7
4 7
3 7
4 7
5 7
4 7
5 7
3 7
4 7
2 7
3 7
5 7
4 7
3 7
4 7
6 7
4 7
6 7
5 7
4 7
3 7
1 8
3 7
5 7
4 7
2 8
4 7
2 8
4 7
2 8
1 8
2 8
5 7
2 8
3 8
2 8
2 8
3 8
2 8
2 8
3 8
3 8
3 8
2 8
3 8
2 8
2 8
3 8
3 8
4 8
3 8
3 8
4 8
2 8
2 8
2 8
3 8
3 8
3 8
3 8
2 8
3 8
3 8
4 8
2 8
3 8
4 8
4 8
5 8
2 8
3 8
3 8
5 8
3 8
3 8
3 8
4 8
4 8
3 8
5 8
5 8
4 8
4 8
4 8
4 8
5 8
5 8
5 8
3 8
4 8
5 8
4 8
5 8
4 8
6 8
5 8
5 8
3 8
5 8
4 8
6 8
6 8
6 8
6 8
6 8
5 8
5 8
3 8
7 8
6 8
8 8
6 8
7 8
3 8
3 8
6 8
7 8
8 8
4 8
3 8
7 8
3 8
5 8
6 8
4 8
4 8
3 8
4 8
4 8
4 8
5 8
5 8
5 8
5 8
4 8
4 8
5 8
6 8
4 8
5 8
5 8
5 8
6 8
5 8
4 8
6 8
6 8
6 8
7 8
7 8
3 8
8 8
5 8
5 8
4 8
6 8
8 8
9 8
5 8
7 8
7 8
8 8
8 8
8 8
4 8
5 8
9 8
9 8
3 8
3 8
5 8
4 8
5 8
5 8
4 8
5 8
4 8
5 8
5 8
4 8
5 8
4 8
4 8
5 8
5 8
4 8
5 8
4 8
5 8
5 8
5 8
3 8
5 8
4 8
4 8
6 8
5 8
5 8
7 8
5 8
5 8
5 8
6 8
5 8
6 8
6 8
7 8
6 8
7 8
7 8
6 8
7 8
7 8
8 8
6 8
8 8
7 8
8 8
6 8
6 8
6 8
5 8
7 8
7 8
7 8
7 8
7 8
7 8
8 8
8 8
8 8
7 8
8 8
8 8
8 8
7 8
3 8
4 8
9 8
8 8
4 8
8 8
5 8
5 8
8 8
8 8
5 8
5 8
5 8
8 8
6 8
8 8
9 8
9 8
9 8
9 8
7 8
8 8
8 8
3 8
9 8
10 8
9 8
9 8
9 8
10 8
3 8
9 8
6 8
10 8
5 8
10 8
4 8
2 8
3 8
10 8
6 8
4 8
5 8
7 8
7 8
8 8
9 8
7 8
8 8
8 8
8 8
8 8
8 8
2 8
7 8
8 8
9 8
3 8
10 8
3 8
4 8
3 8
4 8
4 8
3 8
3 8
3 8
4 8
3 8
4 8
4 8
4 8
4 8
5 8
5 8
5 8
5 8
4 8
3 8
3 8
3 8
3 8
3 8
5 8
4 8
4 8
4 8
5 8
6 8
4 8
5 8
4 8
4 8
4 8
6 8
4 8
4 8
5 8
5 8
5 8
6 8
6 8
6 8
5 8
5 8
5 8
4 8
7 8
5 8
5 8
6 8
4 8
5 8
6 8
4 8
4 8
5 8
5 8
5 8
5 8
5 8
6 8
5 8
6 8
7 8
5 8
6 8
6 8
5 8
6 8
6 8
6 8
5 8
6 8
6 8
7 8
7 8
6 8
6 8
6 8
6 8
6 8
6 8
5 8
7 8
7 8
7 8
7 8
8 8
8 8
7 8
7 8
6 8
8 8
5 8
8 8
6 8
8 8
6 8
7 8
6 8
6 8
6 8
6 8
7 8
6 8
7 8
7 8
7 8
7 8
8 8
5 8
7 8
9 8
7 8
8 8
8 8
6 8
8 8
6 8
8 8
6 8
7 8
7 8
6 8
8 8
7 8
6 8
6 8
7 8
7 8
8 8
8 8
6 8
6 8
6 8
7 8
7 8
7 8
7 8
7 8
3 8
8 8
7 8
8 8
8 8
4 8
5 8
8 8
3 8
8 8
4 8
6 8
4 8
4 8
5 8
6 8
5 8
5 8
5 8
5 8
6 8
5 8
6 8
3 8
7 8
6 8
5 8
7 8
4 8
4 8
5 8
4 8
6 8
4 8
7 8
5 8
5 8
5 8
5 8
5 8
5 8
6 8
6 8
1 9
6 8
5 8
2 9
3 9
6 8
4 9
6 8
6 8
5 8
4 9
5 8
6 8
6 8
5 8
7 8
4 8
6 8
4 8
5 8
5 8
6 8
6 8
7 8
6 8
6 8
5 8
7 8
6 8
6 8
7 8
6 8
6 8
7 8
6 8
7 8
6 8
7 8
7 8
7 8
7 8
7 8
8 8
6 8
6 8
6 8
6 8
7 8
8 8
6 8
7 8
7 8
7 8
8 8
8 8
7 8
8 8
7 8
9 8
7 8
6 8
6 8
4 8
8 8
7 8
6 8
7 8
9 8
5 8
6 8
8 8
7 8
5 8
7 8
7 8
8 8
9 8
9 8
6 8
6 8
6 8
7 8
7 8
10 8
7 8
7 8
6 8
6 8
7 8
7 8
7 8
8 8
8 8
8 8
8 8
7 8
9 8
8 8
8 8
8 8
9 8
9 8
9 8
8 8
8 8
8 8
8 8
10 8
9 8
7 8
8 8
8 8
8 8
9 8
8 8
8 8
8 8
9 8
9 8
9 8
9 8
9 8
8 8
9 8
9 8
10 8
9 8
9 8
7 8
10 8
11 8
10 8
10 8
10 8
8 8
8 8
9 8
11 8
11 8
11 8
12 8
8 8
7 8
8 8
12 8
11 8
1 9
9 8
7 8
10 8
2 9
7 8
8 8
9 8
8 8
9 8
9 8
8 8
9 8
9 8
9 8
9 8
9 8
8 8
9 8
10 8
10 8
8 8
8 8
6 8
11 8
11 8
4 8
5 8
5 8
6 8
6 8
7 8
6 8
7 8
5 8
6 8
6 8
6 8
5 8
5 8
4 8
7 8
6 8
4 8
5 8
7 8
5 8
5 8
6 8
6 8
8 8
6 8
5 8
6 8
7 8
7 8
7 8
7 8
5 8
7 8
7 8
5 8
8 8
7 8
7 8
8 8
6 8
5 8
8 8
8 8
5 8
8 8
8 8
5 8
9 8
6 8
9 8
9 8
7 8
9 8
7 8
7 8
7 8
5 8
7 8
10 8
10 8
8 8
5 8
6 8
9 8
5 8
5 8
6 8
6 8
9 8
6 8
7 8
5 8
6 8
10 8
6 8
7 8
7 8
6 8
8 8
6 8
7 8
7 8
7 8
7 8
8 8
8 8
7 8
8 8
8 8
9 8
8 8
5 8
10 8
6 8
7 8
6 8
8 8
9 8
7 8
7 8
2 8
3 8
5 8
10 8
6 8
3 8
7 8
6 8
4 8
3 8
4 8
6 8
5 8
6 8
5 8
5 8
7 8
7 8
4 8
4 8
8 8
6 8
7 8
5 8
7 8
6 8
4 8
4 8
5 8
6 8
7 8
5 8
5 8
6 8
6 8
7 8
8 8
4 8
7 8
5 8
8 8
8 8
4 8
5 8
8 8
5 8
5 8
6 8
5 8
5 8
3 8
6 8
6 8
6 8
7 8
5 8
4 8
5 8
5 8
6 8
6 8
7 8
6 8
7 8
7 8
3 8
7 8
7 8
6 8
7 8
8 8
4 8
7 8
5 8
3 8
5 8
8 8
6 8
6 8
4 8
7 8
6 8
7 8
7 8
7 8
3 8
6 8
8 8
7 8
7 8
7 8
7 8
3 8
7 8
8 8
4 8
4 8
8 8
9 8
9 8
8 8
8 8
8 8
9 8
9 8
9 8
9 8
9 8
8 8
6 8
7 8
7 8
9 8
7 8
8 8
8 8
8 8
3 8
8 8
9 8
7 8
9 8
9 8
4 8
9 8
5 8
3 8
5 8
10 8
4 8
4 8
