100 20
8431859 15402466
3147933 7458640
17515189 19315627
20493810 27487709
4217431 17141224
4679269 48136770
34526615 57224370
22806319 39935751
59041553 66232916
59382007 62555766
69098696 72417217
77606446 78895426
53714267 66313518
79864527 83574076
88638289 95213711
98473689 107411499
60111623 90931426
83354049 123813836
122721648 128041369
114571210 126613178
110335277 134961707
126017137 131210060
137486389 138602965
146628761 159519641
131859687 172521884
160056533 171208422
160690870 199560132
142080591 204529525
192432783 221377692
181481369 229173860
234088252 248101484
244157502 253192840
218456363 255255779
263858501 288519974
283269890 321088062
183050783 222284697
276941058 344124195
314862572 337927377
353790064 359931646
364547721 365847066
338935479 391232520
350242086 375911507
378800213 400388536
362023137 420624087
433367654 441804344
430660488 462456984
417238212 472380938
484882833 493113801
401332413 494670186
468233615 498592320
523568621 528149582
464335062 528957685
456972575 538449670
542222594 546540218
547305940 553891475
518312444 554641929
496011944 560365683
565142277 573068644
566290667 573241389
573321153 579766644
594575189 597796018
576770610 611019323
574676489 605196052
600979441 622242343
621734324 625532307
558678317 624367047
623742702 649363059
635059728 643015104
668963911 684574476
627292907 664840152
664316527 691452057
657085759 700614292
689467520 705842863
691783070 706864285
700048297 710919722
704350479 734203732
705389158 739656051
707643404 738774409
763900321 771211595
729524931 755614283
769336177 791415394
756996862 792695343
771712249 805597143
803310954 819057436
806175912 838851624
781500207 835438290
840787253 842472960
798631645 808964193
851828006 861370344
840472350 909073830
873665218 893521491
907969135 930106670
924224061 951298757
930555696 963255944
929256598 946113384
934353172 978528756
967480918 975680534
968168772 989567460
980840813 987014831
966914935 993686660
