1
194
587153 563506 0
420874 822801 0
489883 65911 0
887088 414965 0
47041 161281 1
997089 701201 0
973761 774633 0
346285 653893 1
430865 530361 0
666356 804231 0
684778 672205 0
92259 533067 0
345765 858672 0
35156 854653 0
957445 770661 0
83405 839481 0
173877 590971 0
441040 315361 0
11695 968627 0
282177 610022 0
826635 179796 1
361501 847585 0
222803 804499 0
107107 553281 0
943435 372064 0
761521 281141 0
615322 513118 0
177683 231201 1
401637 358915 0
676825 76121 0
90899 158537 1
667301 31665 0
384421 295753 0
446800 404701 0
912999 428267 0
701653 437269 0
634561 854621 0
275431 223507 0
691362 822801 1
804231 668097 0
451403 551301 0
36707 883841 0
945359 414965 0
646511 636602 0
941105 745855 1
425237 40449 0
342361 584841 1
121505 275431 1
451403 899294 1
787742 227686 0
121505 907312 0
815286 601212 0
47621 568302 0
642065 205776 0
290317 887088 0
41301 356805 0
142321 852057 1
944701 950401 0
810273 664241 0
973761 310713 0
446431 186896 0
845809 237122 0
487771 984641 0
841299 247472 0
109501 591490 0
957445 371073 0
380176 827588 1
618689 465609 0
666356 87465 0
136561 634841 0
985593 699321 1
326171 963825 0
703625 932483 0
642065 90916 1
995752 226405 1
728839 676825 0
409063 932767 1
598496 740161 0
578363 871001 0
681213 432241 0
117462 115971 1
876503 945726 0
719653 786693 1
357297 185671 0
427797 113121 1
221070 578731 0
703210 235913 0
64598 691362 0
627557 261271 1
217817 621983 0
871001 428631 0
110526 439558 1
302501 839773 0
988653 842301 0
913985 923421 1
854653 150257 0
876596 563506 0
771191 425627 0
364892 808789 0
459615 386876 0
635701 723705 0
163457 549276 0
654317 895795 0
817865 649609 0
605829 864525 0
345329 731490 0
995752 244000 0
661773 484652 1
451359 587033 0
168717 947757 0
658873 905209 0
681213 107061 1
426268 738285 0
449905 389865 0
146031 826635 0
401637 954641 0
53133 945726 1
446262 310341 0
3409 628670 1
772501 286453 1
400122 189097 1
445101 960203 0
164616 345765 0
901066 387239 0
196321 501201 0
6867 768460 0
704934 946161 0
245093 882761 0
896829 145041 1
131329 570513 0
333989 273865 0
839861 60245 1
245093 261501 1
710754 467234 0
925012 860059 1
668097 675657 1
125626 969503 1
855853 245411 0
703625 597729 1
725093 540804 0
943559 147180 1
965171 310257 0
577102 946304 0
637753 459615 0
262465 875201 0
68289 848978 0
691916 400747 0
591490 771191 1
984641 426631 0
735593 691362 0
205776 109841 1
608023 219161 0
309471 371073 0
803470 770225 0
968217 580545 0
790238 702427 0
891841 109501 0
20153 410267 0
204569 887088 0
633019 707597 1
380176 774586 0
770333 451359 0
267339 668293 0
898661 803438 0
747288 325605 0
275431 339921 0
731067 364892 1
551301 521349 0
901255 803470 0
222769 710754 1
737849 704934 1
409063 510433 0
585031 74761 0
372107 599941 0
772289 421308 1
228651 451403 0
266425 195612 0
570513 586757 0
549276 610495 0
362977 886698 1
371113 570513 0
37581 606759 1
640676 361501 0
769970 156601 0
664241 452781 0
654317 427797 0
439558 309377 0
719653 730341 0
740321 222803 1
561190 76121 0
482371 95425 0
845123 129961 1
646645 812273 1
982937 540993 0
