993 993
308393 351818
157940 356153
479343 30942
176510 52089
381952 344542
300668 7037
486365 412770
215356 23674
298045 334615
333820 337941
306378 330462
217938 219051
32417 291277
134278 430571
97429 90412
225362 384759
365677 145753
238825 112967
452641 298373
150797 412614
323969 306004
440919 19475
283951 132385
159315 452640
100064 155128
317762 376119
414783 128090
84278 145552
362889 250876
241209 433404
398194 173225
85607 75742
252094 53371
101519 251756
142441 55142
144214 52818
48640 255694
236244 376143
327366 131467
43989 322903
29680 265932
477753 6735
267753 279313
300692 153556
8270 332560
225646 13716
10035 131601
352997 241619
319197 457041
432646 480840
375845 300739
380568 330910
18556 133994
62353 248979
309025 147713
155103 423516
414861 218451
71233 316223
136040 34627
165707 303095
276497 194886
390533 463380
232857 437828
47852 389688
404072 495354
306127 182811
252599 229307
278323 492392
452533 399594
374896 33374
423363 15170
83795 496369
360055 127694
439482 229126
63036 48177
168538 41498
362800 223839
167932 395963
282725 160546
12316 238253
440161 17911
326697 324166
357982 196814
126824 88115
231275 74765
422417 126673
411977 102606
390384 154228
385871 286908
180004 299108
319494 295866
349540 330491
349709 143516
393557 377929
201366 79404
102869 245424
457255 228838
101044 353032
357275 73692
278998 187292
446495 101844
160562 231627
370997 35013
116822 57096
289460 278333
212064 65370
497925 415486
312582 215708
465223 114492
15823 362974
12141 230273
161656 338563
470683 477737
41201 219553
253868 215910
347901 115364
220655 244925
448629 245580
332966 66503
81669 59562
398726 186162
6061 434151
78137 350173
450594 224412
259103 37151
145035 44667
142120 101857
418052 217605
186524 194143
171966 371858
53107 317611
461053 134188
79933 495466
131513 338516
250492 403957
117822 370748
10821 92633
157548 477419
119875 94200
465751 447452
217523 72006
180487 409471
212969 488204
132249 133622
312746 178536
212733 178137
176495 120107
407799 85619
372265 84794
52158 133187
266871 59662
269248 279708
437298 323764
411451 490662
426657 492398
234565 301339
472197 201392
39781 249258
377167 201731
308216 44727
153733 425989
380941 184824
322017 141255
332010 424154
447537 180654
248101 332346
76536 367667
110667 61101
475307 154435
170684 382008
332821 280863
410092 376920
427348 229341
89444 419420
465434 278309
173376 345510
401101 11509
461519 309294
107783 89598
232086 139071
170039 354500
78636 75160
421086 196738
444223 278572
419986 218020
98286 479714
285407 160907
434381 234230
181921 220077
439781 277366
437611 173874
473521 92389
166531 282744
364545 483260
149891 273936
350203 312036
98714 290430
306773 47965
253129 397277
119229 399419
101255 322169
113521 241091
376925 28499
185895 386130
463914 203104
104742 387543
366177 457067
34379 389012
59750 253134
391365 333152
451732 468349
151993 190504
97850 219771
148288 98986
474138 288931
196004 229112
72488 51073
154022 203387
378129 343190
73914 294350
339441 226231
30793 123711
194620 132942
487022 17201
368726 462968
308539 163580
227707 268677
39505 388907
435448 359452
58827 238269
278543 496692
167380 9542
372599 228796
122636 131275
123354 17300
251495 406217
52917 77137
297421 132270
495420 302909
222715 437086
108788 52789
478977 84559
272150 96425
351266 412878
41331 280863
463224 23096
407946 323793
159213 255170
329555 406762
231587 480114
92408 477613
386092 281763
412279 45454
482163 414085
437474 422903
388945 74010
276958 468549
42137 109754
459399 63848
165613 409616
376139 69862
75302 221691
282186 362457
488048 482478
224093 199980
141963 30928
135980 476578
130763 77372
145526 193455
176953 181090
142444 319741
245905 97157
306678 27080
69986 349180
341965 252322
370192 28273
435232 105200
336309 133156
110096 190508
423260 46056
400531 127105
467620 128325
266644 391794
185732 385845
93361 310771
315809 401384
295580 449357
88505 321120
244091 190687
427388 41908
376073 388760
43341 223409
212018 5502
476421 300309
311514 256650
314161 364083
381431 110505
209775 82194
253202 393821
380341 379917
192843 185082
56202 286900
420242 445929
385995 107721
297230 18025
42791 379909
274169 181705
23587 369585
70786 51215
469655 264013
369866 249459
221071 16556
252936 103301
498699 351797
140998 458563
480352 103268
59265 331428
233844 113095
9036 490800
142342 46146
270414 213222
457348 360428
299775 214549
147442 3247
279535 217442
238890 485196
463168 375816
235127 487189
21190 44211
44601 37968
247950 272933
474980 454043
146037 410386
280800 75490
118092 443555
183274 141739
371675 351286
308562 302539
407162 421244
253435 449838
300857 26458
192542 135794
267482 131656
109288 306860
46930 402773
461399 227139
119404 263714
195521 299632
277510 289570
356493 367652
465425 260129
107096 274626
81621 443706
395761 252673
310731 28702
1789 422091
386337 355060
126388 369376
10010 498452
209282 8404
319947 359531
459303 134796
249567 85050
196727 230885
439860 436854
85627 476046
90811 267338
321486 306633
141052 467184
180161 79022
46640 343772
374552 101927
142086 82002
174315 66933
432351 373770
46245 155466
266449 158547
475944 347373
458375 421901
453415 98777
182847 27214
320330 159774
228619 228478
457518 35999
96113 433210
202915 328018
230987 44181
306540 394723
127048 293138
132035 447569
81449 271916
260498 182576
261572 189423
430586 256645
96517 26716
311280 92461
267240 139272
299963 372534
418624 228541
99096 49956
138419 416792
134294 318734
31003 211369
119866 15166
238279 334455
51548 117685
71800 446937
105000 427972
313477 438046
211678 207220
78263 18918
454194 497376
242798 62662
36525 406197
137018 399752
201066 437689
264994 298344
31802 64833
206305 55833
409281 143225
243780 357342
326870 5440
257709 265649
396295 133545
297235 359552
287667 156411
61663 360011
18798 469906
337521 392423
318560 292444
390809 458174
281798 302844
474815 251180
274767 43
358587 318883
222305 137106
331549 433193
235410 282770
380775 273109
194703 313756
171886 165237
288825 157881
493757 493131
479906 377443
133937 352651
416244 470569
188958 261439
345259 427247
39432 446659
195286 105260
202251 485609
42938 258667
269588 180631
122063 136011
328070 418020
365953 194143
361686 244702
199952 103406
467055 314247
166864 52595
150991 54739
19818 54206
329416 185547
184409 238258
375935 410670
221806 457733
466096 330091
29453 366115
356649 187464
55181 171563
341194 421726
195772 178416
34668 116602
343960 128538
235959 299261
38071 395523
81962 431837
272353 11450
30199 493731
413969 468579
386948 171051
137303 378485
89995 304647
440440 204954
249978 330492
137837 124947
114580 458339
467936 426578
147855 428713
287602 141469
409332 118736
422872 29842
285922 435467
89497 377950
89259 463686
216145 496388
342069 220924
386578 493884
126458 248895
483294 358801
39273 422932
438381 53378
373411 56564
50125 260450
352927 408748
30077 277752
208806 215805
87026 240992
328983 466013
16018 105448
15556 116884
172891 103572
434932 346304
461661 268474
466175 49618
351068 122279
267125 439887
268943 466968
455639 390511
226116 421922
106908 28193
379898 396394
226894 486438
150820 250893
324490 425809
307693 98522
8739 247373
433647 492019
49792 56727
372890 103216
403481 271840
74931 304476
265054 112685
263411 422934
426577 439702
298052 200048
45063 223818
450983 83828
410634 406537
490769 312218
211450 248009
300233 423571
94183 102034
145899 136258
216441 330850
112296 269949
345481 142474
347876 458192
173893 334478
168375 480506
415119 169257
82477 78543
189950 126982
244486 297364
450844 404841
276278 146886
394151 125956
442054 292531
151729 216738
328017 189055
433855 260096
333736 362337
102861 226542
184718 117924
50633 435
150493 422374
195635 42278
397887 379228
127716 80118
276022 381612
19972 457251
465813 56753
471473 185442
19748 349787
219199 145725
291328 383116
149875 257649
176664 443165
373671 119886
421970 78295
470570 421819
214532 225818
347836 23887
77243 134937
380918 407225
128695 228347
194176 136025
130477 439964
413241 394340
305444 130986
274739 441220
21432 436745
396244 398517
196634 331503
370358 453066
398158 472105
314408 444614
27148 13652
420683 93603
180864 85604
19285 385199
367242 149409
293330 482601
245086 340197
92926 136681
85733 444352
179884 42805
165818 49876
460930 419597
258573 315609
323675 387456
306276 495674
124675 252980
43989 230390
301247 200130
250702 440352
307202 145400
9230 376703
37113 360181
429928 253902
189408 314801
50855 321565
23530 359186
115748 198991
211838 104952
65458 280026
478836 279026
353779 7210
249308 127366
222656 289791
263895 322989
363493 344714
379932 222900
361219 254836
487221 35613
127052 401046
268799 394620
294698 394626
23694 489818
276888 100441
18822 191478
334728 222067
292067 498207
282843 43162
5426 477339
18796 312655
97398 185475
93958 184100
243684 458116
231721 417408
10758 355743
214921 278078
91868 262122
7503 309870
445559 134414
474966 357810
298972 237831
60366 218978
266759 400967
350045 428969
64677 357939
148185 470918
174425 234340
244240 120460
451768 209831
201888 192611
312941 54653
70047 121317
175606 141404
332340 84577
39909 232493
148412 351291
98432 497260
217991 108137
84545 423274
150136 426488
178646 145966
357416 467333
58338 418288
372707 297381
317754 494749
207337 312349
486281 302902
201967 410859
55373 352913
168508 397915
137464 352694
315596 151698
383408 462883
301584 274151
281583 355561
263404 344805
453444 220173
231256 391883
72624 282376
297855 360396
169545 171655
427523 39343
252410 334571
196247 141200
6338 153513
335300 283517
390705 483724
496901 331865
134510 113423
94123 357789
39507 359203
366489 302258
480783 166415
65417 271032
55235 193418
336229 194915
46118 306371
314479 347256
236609 221914
431353 50612
322035 171013
363086 145958
146702 194220
210695 446256
383481 282061
474871 165673
394476 31992
166848 493214
366775 363444
26555 387469
247771 212824
64564 462888
242607 241331
498475 289752
435037 248197
173045 424600
19458 354916
198328 2518
107121 456472
362643 358645
352753 414750
325108 289453
479003 35305
439424 52425
153949 155292
361262 234888
328249 207410
24812 66078
314342 42358
189721 324144
165678 325739
185129 419483
84782 300262
420516 323309
295322 113711
85832 156266
475766 328323
474978 195624
378366 208757
375257 14388
497599 371592
10787 436043
38268 480406
19117 68130
122058 35469
243960 295039
117332 414093
491543 353533
84184 54859
299826 76428
462087 412817
269510 170126
364201 259675
31170 332315
225079 230076
118219 173726
198431 405495
172537 226454
281316 189574
396792 18294
139131 302903
453288 77861
288175 134633
196222 157662
20190 213748
333856 6577
196314 389662
255821 245633
160553 492871
389363 440613
379013 373342
297783 323111
313437 86633
254992 114215
282578 89025
185388 189208
226298 346964
140682 33570
236000 205089
15742 391903
200802 402719
83728 323679
392306 82071
483197 164676
443734 264805
123477 403109
132553 123643
234107 289935
483447 82750
246569 449504
203716 352871
299753 15467
422470 155492
16349 119479
409798 312372
488503 454463
337603 364238
223329 432307
380783 9563
195415 305429
372593 359543
129192 428126
378337 255060
40249 108695
281807 157943
153986 482240
253564 267993
152783 400780
313791 407079
243329 98306
256609 416035
171210 163550
304066 240513
104724 206223
396114 402602
187450 466134
284280 272156
447661 172845
216111 219912
278193 315838
267460 12723
141949 497063
417497 217558
417503 230557
390053 474910
15478 492901
368946 104684
327670 466493
20893 175702
159975 209873
219898 137188
494022 90503
321229 61300
72867 185652
231154 66871
60993 494980
46518 136594
102522 34837
338812 213854
55928 133980
495577 185000
430300 307744
259384 452529
223643 325018
312374 393903
499388 333435
86503 460202
246268 362118
287824 398336
480426 41842
121514 231842
241579 391625
436102 4660
380599 154795
211939 480177
290266 287404
185690 377765
38132 145
20435 31825
446650 59351
213868 248331
329554 366765
244761 374747
319035 450101
375679 423807
356963 207911
357816 54440
383886 154925
75090 171962
286358 90440
294832 496048
16997 303594
304712 379222
403709 365594
131907 109421
229681 389395
242368 237674
437066 441861
219985 127703
150755 136339
196476 259953
292812 488467
88923 405097
131787 288561
489661 15299
148278 175596
490979 144634
392794 375320
342435 238841
44599 410522
186312 290339
127490 471535
158641 215149
110466 172293
35598 320479
485268 331776
359942 30902
134471 169815
174707 172549
307392 85204
335044 347887
276535 242072
41978 212815
203384 115348
175948 8048
41955 397649
130691 83253
180428 398570
12446 97490
312572 108108
184144 134417
375662 27293
444989 199023
263219 89330
247680 243580
230863 15767
121064 321119
274202 185259
27543 407471
72671 441857
229506 109210
364160 317056
414035 384130
201424 85060
257194 368987
106519 428475
172631 236463
258418 392072
417825 31963
41969 33316
344003 199631
257079 360472
293898 280977
484221 435269
29401 191770
204495 467612
11269 28216
190670 140454
159672 168875
99757 91037
40946 171848
262484 408848
284611 49784
170271 416995
883 41210
77407 80973
403483 185661
304504 168217
297833 329671
218722 403910
160032 272593
271881 418151
379957 380073
198925 165283
267475 42510
303074 331061
267992 375639
261649 179213
252501 159373
371413 78542
193138 236236
199679 100494
236872 315878
64179 395513
95461 38656
29640 246702
177452 194995
478668 307936
20019 216204
470078 203383
491779 239117
237010 139757
311803 188106
390608 322385
327084 262988
333045 494759
298910 161298
48240 105542
427498 460651
278279 271448
438367 366621
278288 391806
452318 260257
14296 120682
437597 184388
103583 355587
117800 462023
489082 157092
367611 44352
163312 468349
64489 252983
380894 498608
202520 358635
276947 415189
77058 8778
252564 186999
465430 253948
82137 252981
821 304377
98958 485570
460661 221390
340467 48389
207234 154364
325052 152154
259768 119353
382705 167151
408138 85294
387856 240904
15646 208663
136007 366811
76239 363397
290778 322133
202826 15807
429603 483795
242801 276061
81964 62538
337179 315052
5655 399039
287057 146573
316087 395983
199859 24502
448084 323369
446993 53967
487019 99823
138962 351926
86635 263065
461201 40412
280570 84178
80379 92581
20110 448825
161682 396652
7284 222593
477005 385789
163884 235729
111670 254681
178763 366724
77771 258486
51640 277994
108061 438652
67631 439142
409556 201609
202754 441390
446344 57677
283923 218638
349674 152015
67482 416357
95353 356678
482405 400263
304397 388673
58131 64953
273584 325472
275192 28056
55968 399929
92669 95474
254830 17044
471837 346091
211746 398254
72681 220794
293237 156506
446661 292778
198773 314683
221960 185433
367365 152012
485760 159196
36570 293240
269547 116601
43551 125858
47423 423659
7922 447519
99523 133218
281605 294199
396244 118912
124446 113223
352290 356766
376215 47394
298000 117573
104670 424619
455607 24341
332022 456829
448547 483105
323189 312803
106644 397168
14084 2624
341151 226270
370690 12648
377163 488441
486337 146117
375636 344837
81095 372404
388076 24856
38734 246245
450996 243935
206245 295038
275143 199351
489101 267001
74608 484757
74108 334945
375983 185726
374046 173497
131192 28687
452207 335829
146580 34903
377986 446783
106622 387640
127837 203635
495783 447786
155130 496324
324114 191896
353384 142869
136217 60641
291208 305824
20614 82328
53713 138514
95131 439588
6893 99981
37835 421760
255065 479269
212734 144412
287272 104964
447697 301787
472704 100038
394803 251923
343452 379069
141161 319664
361257 457614
172715 99954
156233 294642
281350 97642
298963 352919
328824 261537
392433 225212
294070 498288
152736 232664
362153 334249
124852 92948
46349 451053
354481 314860
77169 225524
170675 6674
386138 98152
337927 439787
131231 85514
36783 149392
206126 47180
397954 449646
94630 26997
332234 154215
421883 172832
242149 158223
268726 267165
205092 430255
195538 389902
255791 214118
454912 204011
29439 284291
250083 418335
65794 78891
469365 107369
367099 382361
64320 236349
162239 463769
264646 338752
97049 153837
219802 329135
236903 61993
300932 251384
262363 171062
91873 191167
304666 161810
376544 475642
212128 398
216998 25718
427515 382799
142763 159216
116204 184078
238011 34205
130793 428344
323670 395938
312157 361870
484401 299869
24870 182470
407187 433306
61846 109480
335672 491198
28947 282130
463153 150432
111383 125685
10690 262091
320144 33653
76259 298270
9281 292237
254752 184588
389696 476745
78265 268572
424598 254218
206850 194186
204994 67526
165027 88388
96150 475973
365369 39117
89433 262789
96020 242046
359715 481399
115159 372960
155204 313919
483676 292819
384285 397368
431085 23723
412388 416622
62348 364845
59653 485026
458316 410294
488860 377673
490101 170325
179580 81006
199332 278636
161387 404267
105288 151442
218692 165332
446854 7476
477172 245868
129974 249264
306525 44526
36388 197209
366902 283046
389840 287542
131592 481077
20911 475458
266355 496944
300072 212813
13799 204225
357943 200633
12 201637
355821 359518
402714 113452
297134 345607
488513 398941
130674 321171
163075 325935
485508 397750
484853 207377
45542 493973
331233 203875
400267 127949
167175 327674
235996 313068
380344 381504
52212 441526
71513 471730
259715 218114
189766 116192
147983 278330
86284 201072
217966 180478
228302 319420
15054 430818
77793 257455
126957 295980
347440 112908
87553 104087
322968 368552
117233 103027
304589 326954
60698 24962
180212 418674
67115 64604
195943 191407
94153 325676
71252 479879
171212 288113
323742 408148
232512 54654
491994 240929
118885 68986
289075 296849
10416 416736
219975 440024
215912 163552
309896 174752
110825 378301
243196 326533
497476 443470
281117 322233
457757 296733
65881 306818
316939 426762
240179 137175
374492 74729
6241 483814
360655 173951
103180 313489
303544 494857
116947 266188
60448 44694
48744 397184
448386 250600
130321 464972
75534 175734
319624 153631
206378 486125
96348 140575
241868 139243
106446 131493
130433 200163
417685 293758
369834 84604
431450 9676
345402 142257
82012 23971
82841 200146
159213 481004
382691 278273
385779 118054
4330 96823
89385 365344
47472 477469
334300 3424
30702 31955
455150 436159
187760 494604
37878 304138
276694 96367
479101 344898
352628 111672
99395 97405
377043 356246
310136 29572
368590 243146
219555 457139
50422 220398
63039 36796
190447 225324
305913 13987
11985 307650
124179 467107
203143 249061
180324 31656
33267 392026
129590 264308
170920 59423
495398 179771
182415 499456
74056 78758
149859 281635
466784 364595
384084 222013
260330 7603
359112 460730
342707 260075
479477 298137
162494 478451
171368 203469
431168 351450
478882 299773
104547 436449
242325 61956
254247 446043
334667 323346
168989 277140
21472 417386
448202 479015
370179 49795
39178 262853
4697 281767
101931 167605
36250 464342
457165 418895
216338 66948
280200 280224
389281 18742
430950 64649
445308 33833
103941 40383
474922 88972
151063 357197
485383 335937
130018 215533
113444 346528
275872 43859
416549 161300
91391 242499
58017 478203
7970 493365
123782 259626
329919 418584
411154 360775
412319 92044
287452 2318
417953 461479
229833 280844
238295 143793
463671 11815
25607 438151
155029 125876
344683 61116
480361 37471
226513 443444
324137 26055
152860 408807
193890 134144
377474 139716
447349 250415
415756 381835
257972 238449
100569 497009
322410 61716
195867 320224
7472 81372
343001 12885
214328 30624
490827 170656
485478 477546
273281 341896
161138 390587
489916 452036
212392 336037
234418 204099
386376 274094
146479 475461
429991 445780
348975 403839
22827 448867
241797 51483
362579 359265
353752 160213
74317 267075
494240 242848
75773 99861
97997 23647
155741 421974
82496 231692
126903 349017
181488 484917
487565 356357
406055 236122
374610 346230
18338 326128
295918 105050
272341 197153
80126 190900
298660 406025
388850 318141
292779 117307
24237 406142
274007 92922
167241 95544
221322 51008
350320 429372
304827 17242
106659 132755
30772 381546
484759 192471
498483 471620
268339 145847
132617 245938
340371 440055
191102 487216
473673 66414
309899 455408
56631 207431
200318 459288
200405 470529
18938 100511
22897 351759
368820 399667
486634 204120
289431 65878
462613 464599
292000 177116
404920 135708
460707 24654
227218 128426
206341 220619
257233 220215
372704 64002
122233 70927
110210 128601
438308 120561
24238 359721
172188 179825
25081 441855
434051 156884
420014 6845
184684 497239
350347 215895
475839 432040
167266 489238
129977 361611
181465 35768
6090 18615
437418 219118
414037 258550
402692 350557
143891 264745
75176 211806
196688 89922
456108 33342
224653 13896
289627 100415
336796 139414
499827 166581
429511 390236
50246 466505
181674 243196
66331 56857
181460 104398
409130 63766
12394 112093
200290 114661
160100 284072
478887 234591
41998 469410
297164 385489
472360 472274
103486 97084
53638 451156
290201 253270
150833 93110
393200 203335
480676 120604
357897 422477
66320 200284
100543 214105
479224 168003
238175 330480
57238 57518
24139 85834
348436 236466
296218 162422
178324 313108
19637 376405
262857 203505
482235 103770
280859 412472
428543 42961
143655 273707
247845 240404
347293 416290
482281 378679
185824 251720
237176 53054
211017 306204
341780 36001
94372 36625
137716 399215
423698 106414
452354 365160
357317 341838
109275 474946
237255 156545
165235 199493
367220 275338
298670 456591
340123 57023
445032 477041
1473 108748
174286 208303
126206 150928
27939 193732
2013 189759
422204 210876
451456 243966
59684 315800
231899 329834
92025 412653
402900 4497
110284 499749
460745 69207
218405 420637
133130 23443
90493 381573
166395 113648
188386 367684
436691 54572
33271 411377
467840 456124
174193 374235
375520 70374
30491 89570
328649 452997
385843 157403
388099 215369
305419 366896
120840 113428
295017 62078
107595 21919
309351 479061
422766 253747
47475 166172
421834 379760
326736 297578
423115 139177
494227 278894
164274 284773
215464 131560
284209 433184
104075 369709
141266 177384
15823 467879
365873 319009
461946 472338
384605 436993
121350 109121
27163 370837
472321 191575
248291 7482
100814 90030
346208 191813
390467 152564
464404 166235
385353 192264
282451 281305
152959 273730
207171 231534
426744 242216
216226 225948
490744 80954
312672 56923
224538 449479
90689 243190
456333 13333
420828 189612
33522 302973
135614 499440
463456 192141
260712 204841
116320 134885
169069 444690
194962 398906
99765 265979
94310 33141
157501 470663
396803 479349
45652 233548
380484 274217
419104 454423
105622 26615
282391 499781
333691 124984
44294 158474
204938 108985
343341 179662
113581 209916
451649 483371
312609 309461
105641 39824
252953 54766
160897 44033
418908 97059
333754 464117
12643 310246
447224 40982
446364 108220
403283 222629
453929 4766
163382 136212
280993 67225
37219 322602
260590 247791
410350 279138
266670 100435
464157 23180
7922 408497
19374 164362
490498 250916
396369 166004
398999 397182
173450 37365
408383 38596
191984 108076
344893 421839
262256 61837
134246 69164
148907 203677
53573 48124
327348 457561
365080 188565
461907 216911
462576 33856
445957 64355
174133 419641
340185 29163
270304 405394
307188 270964
50623 292847
87726 407995
426421 99499
481172 46165
430776 20754
228740 456487
35857 215941
15571 367663
77663 25370
80074 267417
271348 48666
491781 73066
194198 452832
237171 245497
322655 158144
23128 67217
237373 393246
80878 36145
198291 17267
56736 9324
64023 116940
34094 216585
461842 259914
449836 376836
212355 285827
154370 15691
119484 150623
369870 312449
273123 247260
419421 70495
286803 365930
79798 364270
494808 474768
368911 437038
31222 58310
371030 127667
40195 361976
357129 133986
456809 252297
8606 125048
304517 64910
116860 58948
30346 424783
131360 111560
377118 152522
315385 372347
231676 335599
250188 118634
429041 76101
102065 167955
183167 300452
418836 206665
494557 450808
102710 262291
33332 250884
101161 414156
96548 344957
94199 221828
496541 134379
214683 284989
408806 405515
240806 115599
433306 486704
178172 493861
422726 155933
301525 238943
73965 368685
356829 471790
351364 498443
448275 140762
411029 377114
315022 191487
349216 61071
485683 425259
283253 298930
187392 469154
154204 466592
349541 250331
333454 351500
153093 188288
258265 269305
133946 223633
428863 340833
388846 84994
86008 72722
265922 208345
442604 90476
448715 242481
452409 355460
127024 428346
399443 423492
455150 429526
224991 429128
424564 482909
31863 189667
27880 107290
43721 34840
395040 148492
393112 309121
413321 366150
331801 30412
7683 471535
445975 319704
56994 498114
19408 372285
273999 152016
401238 367649
343685 269689
345551 77188
185269 197879
322869 275285
399235 190963
127030 298522
104039 296205
241077 367724
183276 235385
14952 181177
402132 33116
142776 458816
114674 276595
440100 335640
164015 355373
490302 103754
82374 337068
480140 16594
107272 134376
404520 495138
136440 361099
50721 437151
396783 451414
68888 92515
97146 401819
141667 58073
302999 252097
158286 227491
434684 492483
409717 131511
85616 266705
189995 409438
206000 218893
418678 437076
217323 275248
5617 479787
45254 234083
470088 296712
341625 445926
409088 286724
100592 154508
56268 294476
389739 38620
132185 343458
24607 447634
301731 193050
374514 337757
9278 338941
152995 262526
350830 235401
200096 486735
340559 116015
60493 346362
185837 495828
283460 416957
148749 140881
366640 235341
264899 439859
97968 268112
62649 428091
4730 314785
262255 422591
397238 87759
213333 137192
216319 6079
308339 261170
307750 235334
154562 485262
180558 314320
287728 89539
48816 360156
62239 392681
131896 482557
95526 78413
107143 268762
281999 199120
284336 428558
213880 236936
345979 210282
327538 309245
399940 280558
79173 185741
81437 1940
162026 88969
258376 59749
351055 278358
158878 170913
487511 7244
278443 121628
328887 17786
94703 239707
272058 343456
467294 396155
302718 71188
87265 109899
133429 231102
222227 222317
47589 358716
158661 138393
124520 86559
407003 22746
14700 84555
38476 455630
182516 447675
75654 392490
116661 358587
465512 267380
156090 78828
77606 326792
402241 133091
214984 418547
267132 342282
138027 146011
50737 484222
338751 240245
207323 254064
286727 141453
272070 384932
434204 175234
374454 113557
98251 393512
141281 408462
429778 34500
75792 10258
379015 360435
207682 226678
435793 217091
383081 244194
165708 106104
247467 379091
82922 302857
12131 463868
121357 81440
294813 300064
221774 436126
497566 82714
357433 90037
312601 493429
68654 94731
269147 371828
428289 89886
268800 448939
134523 104698
150107 360004
18295 224549
216691 247452
432326 454548
347680 4451
120300 39027
158226 173984
229664 457409
422570 480138
317168 223953
329471 195727
432474 163562
361435 92273
5588 429704
120955 489252
452294 404057
124403 82066
70635 55808
166439 406136
57235 256214
315667 39142
40132 147012
419300 385442
42644 120075
440188 334469
132176 424444
101746 99549
344152 36480
41520 131146
118497 214513
330260 477377
482994 472510
40335 366315
179272 172715
368265 59271
224210 270639
