994 999
195008 429468
470621 323044
396163 75483
245424 341992
405917 349709
277900 245666
385057 187228
436430 405396
417331 71333
390757 315158
292142 284953
272054 320562
140161 383804
22073 110889
77902 38889
353210 326125
12329 322283
201305 254789
470847 251462
321995 89708
42316 326028
350871 442386
330820 433736
48761 284249
418315 380119
473154 130010
245693 123433
48566 180798
84551 137125
472621 242117
87371 186786
475666 114018
301248 210287
101127 391132
481392 75052
347199 120207
208505 206
99779 216041
424428 187935
361390 468398
493105 291547
656 81781
77664 211989
408399 138376
198122 493136
317921 307016
388270 391
244884 479014
229796 370309
476646 60331
133014 22157
54029 493521
146882 14451
393104 51144
109306 438529
5452 481490
413251 124404
289008 151367
326169 35708
495425 356914
490634 21279
304567 315698
285718 362870
284766 64698
222230 224719
394550 236049
1874 488746
206292 58675
150985 336636
453855 143214
425228 303279
64851 119813
128611 388223
299425 272497
379943 159614
66221 243739
166503 309361
390158 374563
103268 302929
381042 33021
430228 292172
370456 181006
375074 417953
393460 183059
303340 318024
84975 267707
139332 447175
268964 70856
476273 28893
23875 135122
2507 179548
104786 269763
428193 41543
288519 460892
195222 220088
333903 302159
134528 122140
180107 110691
70600 304053
379341 6643
266414 217431
9472 394735
33218 229803
119805 323546
324139 412431
181815 205738
180899 33428
334928 67787
496473 223679
133537 390140
352302 401225
461846 484880
81145 73407
228367 111535
84612 266467
429696 364050
155500 144297
63058 443275
275716 139866
297632 49019
25715 468372
56155 432473
387697 300680
109575 92306
139342 72699
204572 156003
154284 278694
114181 224769
165536 486390
209092 333490
218676 492109
66508 428017
231368 484606
419622 141614
230316 471413
177293 203435
223496 13549
26225 167168
400884 62744
58200 250712
155552 45338
168280 123058
150062 315598
302110 216545
133715 428928
445195 104812
276314 440529
330129 242223
236417 253399
156634 72568
324089 438554
373506 474282
221802 252088
198712 489022
336557 95650
308257 30269
202352 440413
496661 461287
484950 235233
133120 312848
331956 434077
19778 140990
317269 24050
66256 237580
431415 45715
255345 333353
113163 450059
52129 448793
52377 275415
227473 491635
296410 42408
407332 498242
111261 423714
163732 68036
125955 258944
167532 126446
39042 135214
206635 253862
95941 493165
475111 183176
206250 327474
309640 474018
90147 187271
311465 134263
113942 13065
120890 139551
138365 486409
191937 158310
199399 261291
350548 162409
251093 93610
205536 173820
52125 81809
23334 142566
172075 452899
127864 300931
416027 468245
235169 399137
36576 477007
10010 183460
454592 314639
372949 399267
189525 234501
598 192393
23758 233591
207349 334452
343788 460575
323806 436665
473702 50696
341969 118942
316421 104565
273859 376286
241577 433947
416826 416937
170466 275202
86197 152801
104119 351495
266626 186142
373347 349756
493541 5867
225171 168295
62680 286855
32937 50367
289765 206053
68156 497011
372750 107532
88725 409666
17030 356568
87188 352388
462901 431991
273417 474207
74808 129517
463196 215059
164831 208496
418629 220911
443757 264300
376980 235097
1243 417025
76491 166219
196502 303808
147039 115696
245948 485714
1563 294987
283011 10865
51740 205840
291058 219757
145334 497193
205221 153672
110733 93042
190606 447226
121725 42109
60655 164013
263539 19855
318816 427650
410706 142177
426095 389867
23855 312705
430011 112495
389269 172846
224857 286505
105058 314751
58767 475753
244040 203741
237628 410802
221996 142404
223278 479578
354954 345606
277097 128749
331088 368552
132871 376010
2590 39652
182386 109829
284749 348517
313388 74307
22597 35565
26440 468929
329669 243346
359918 426317
336735 324381
159643 391787
359481 178026
303999 384754
156429 100139
302493 354829
56617 399813
497358 304922
206448 258225
72862 398222
177688 370908
122702 119407
428522 229927
291632 21880
453573 4712
159342 299737
446779 378568
5988 216628
214866 98627
410337 30945
29540 63371
168010 216875
128192 459620
238807 29841
71239 133897
432436 285926
63408 398534
213633 10514
152388 55613
495250 198030
317474 130306
50928 305931
259420 420542
264278 425388
59705 124751
67093 382696
106801 220390
275696 202153
248212 182951
234881 269871
484035 717
319474 305774
173461 288228
54629 463116
286708 52045
466637 444708
149373 440574
208562 189605
429091 18943
161937 203603
392973 24046
137178 66373
248083 119868
156720 410694
428453 108494
262988 406005
444613 161916
19706 263237
143176 316821
259547 289053
245752 18905
196961 321944
175317 225150
418774 418854
108271 355116
235702 42154
437102 308001
243632 403002
311307 406765
229545 137122
354964 194935
151609 124578
81867 242486
124267 351019
11463 406681
362369 220229
220338 368512
15567 18892
479786 271713
486523 431023
336737 30468
471171 335632
125532 2503
265783 228006
123575 453466
58107 206878
441216 431780
18278 31990
428343 111196
402534 440128
298933 43697
460601 293893
157506 27651
413621 62815
145308 402663
472930 276158
381623 50055
323194 74917
102712 328032
35728 264106
42809 146754
478918 332697
229737 35955
158709 347345
321992 36557
252937 239685
93679 375643
440739 418236
358822 408640
429525 159218
43404 405681
2697 117013
491763 466165
166619 187369
236545 376012
190970 10564
170704 326245
88683 421907
133999 320679
448614 451635
328127 178281
428502 5977
174486 130233
64125 421451
144160 3801
378158 319012
371257 246685
218898 245459
401524 251087
116164 196636
314999 350572
354549 59030
188893 411492
498505 461836
340050 97213
392759 305789
26459 112240
3948 13660
387627 488011
184489 277264
298735 143565
297921 5877
387 102605
69948 16889
150682 6228
30327 497311
78875 293950
340257 441536
309822 209342
272320 294277
150611 293495
399626 241614
207771 108899
281420 391918
286477 434863
272230 55693
60531 160317
389037 230725
304266 164769
342440 272293
215430 445700
314771 387633
57899 426692
45727 40672
247893 172115
263056 164733
9905 495316
441214 478214
17314 149729
335636 476976
102653 376743
246612 455873
313005 335367
29970 231828
494543 28215
33908 432665
201079 170912
295224 180242
136393 49214
301102 97528
264673 364835
83770 464180
7692 15956
249715 171174
196685 390538
1510 463553
229593 57778
205140 256876
212251 226509
162768 3683
428273 417041
238306 466100
243693 363206
475655 480739
426037 107466
487662 269286
58211 416110
87388 421706
26629 281335
38953 199468
374782 378334
62817 237057
431683 400272
407205 416015
240031 438766
440487 268209
317104 249998
371281 133654
157640 398584
259775 134531
327501 274762
226496 489677
422841 456501
337848 362751
398235 346494
200993 9626
51380 59869
96294 443024
20474 148353
274023 245128
486905 222635
497816 52670
178029 476590
301313 128896
210057 474741
8032 214450
194291 398749
91522 239594
7429 114615
479022 98356
439630 121000
466074 255216
420911 318312
434835 434095
309471 142438
466682 476121
143687 441314
262402 29802
353702 400914
460467 405521
166126 209502
447850 65904
185254 329028
478422 194591
122726 488244
42076 146600
240574 336181
340916 75404
159439 473310
347818 195933
159408 466718
115455 388066
415595 361653
159877 243286
279229 70777
377094 255401
485689 284210
17661 470781
55590 269725
493883 302795
384829 29709
429060 334876
134540 49029
199280 398352
444981 440800
426379 48410
219951 10793
172372 163681
136964 55907
19585 431393
6321 97571
372506 341288
290410 58448
317786 323610
337043 295850
818 206990
104488 254912
171141 5038
244054 425337
47885 154171
293728 442124
230836 169830
466491 195016
316891 422168
45778 65517
107287 314027
375683 398096
458703 147695
409055 246331
12064 180870
219278 386122
347737 453608
479689 132527
186784 144352
337054 198384
51435 254669
92752 184164
77735 236546
323284 56409
275572 329894
9141 286449
10502 129525
98961 165632
293158 402909
254234 191088
168047 146145
492214 82781
155730 410842
30239 178458
474387 320081
376196 165034
200298 48006
309062 453799
269218 21261
232955 498974
338621 424107
265038 194609
429454 179677
242269 284212
35294 382386
285786 365009
15112 259500
378283 331780
498716 301411
437771 86847
34304 68673
322054 460263
466474 11527
378912 101429
380008 89575
86991 395895
23608 469480
82268 362252
193488 71749
838 447115
358999 199758
494304 78557
489738 399110
52750 240894
63320 268099
205675 213664
332166 297457
38982 413704
268 42575
11136 446703
245014 5136
360784 73186
251748 179548
55295 330818
359306 414892
264557 103909
325393 228786
405162 336788
161429 105039
418237 256075
116165 324570
257409 478460
479077 428224
393219 418508
31855 69310
141925 130964
389838 378761
445822 145857
475073 335335
227512 463508
367006 398259
163120 91395
415661 33917
74490 450166
114089 30055
84474 419563
360226 339017
145484 138963
104510 286414
265469 271539
293427 456309
463760 215684
165742 388753
317498 165331
241968 232329
336902 59937
97004 49113
393713 441028
223754 197967
154767 132804
138726 197806
404965 468255
78482 357871
277005 454790
28624 490363
116373 173309
175097 439090
220191 243903
340153 227880
141891 181080
360944 53251
475977 401417
313106 282014
69679 440488
148904 158280
9481 277053
175725 470117
231196 428038
166610 167436
204482 458259
364475 74568
408522 129739
392639 283927
54516 391750
231564 185198
87033 51888
429505 351763
366369 320332
490130 464354
64491 153999
317831 157545
82057 306081
339805 112459
191265 68576
473124 379680
351373 310684
497759 42708
393500 324924
274599 324644
193935 460503
222057 2596
368124 85404
174275 117947
182478 114347
473771 170565
106148 352825
195304 391281
186862 79472
280406 68544
153075 157517
410055 55436
286605 302561
426877 478399
484779 297552
81969 118455
281742 11572
81006 292841
54957 382235
434583 356283
256689 132261
271613 26216
309945 343015
342506 118592
250904 327755
354073 345669
228306 448174
34971 499375
302563 177152
328467 401737
159351 473543
159643 400882
303315 477309
334014 215933
477387 217261
244347 73265
361705 106202
405640 220458
63757 170424
175085 2230
121319 37617
144709 63833
124990 224609
227136 63273
324653 241307
459108 445459
363457 424354
399687 3732
291197 370000
332342 93696
463382 207443
151953 273375
362678 143146
141613 215019
257469 366508
319697 317652
208764 328834
90746 279452
16376 207305
76887 2619
452621 414577
302797 96891
156040 10368
323284 96989
485036 40047
425304 458963
293678 176843
207737 221284
368473 73526
341643 55531
86315 9892
450231 67736
409493 171743
83448 354350
483391 196739
238079 202019
238978 471042
50575 406883
94028 93985
289730 143534
306624 65273
124099 84437
279828 209655
234609 163296
166257 406013
222306 170955
358230 341087
160574 138692
134164 378758
430175 53999
22995 122448
10040 158723
381772 186734
186443 411883
43726 19237
320209 38757
286554 378030
212503 437414
186214 322582
266555 380436
315774 245631
354771 106922
333982 455069
173734 291576
131609 485753
296784 63936
294101 174161
337634 499162
142572 253846
176032 35633
78477 390285
64962 421828
6553 166831
107316 147078
148102 407177
60950 102655
296832 359228
181084 132520
370691 366942
67247 334610
492674 174071
314346 440576
359204 441285
454654 27945
412065 206585
179567 150743
306345 100344
319764 253674
13565 445979
301371 324246
155284 271087
442722 45441
234711 384597
128831 113126
356230 155331
31354 348660
433425 110657
341357 447439
426335 48013
146027 47726
226411 286263
310166 213724
300674 429862
169319 366104
147494 403986
387755 421813
293902 207560
9376 295226
301860 297641
365531 399778
164070 44330
94405 432893
122693 476853
25306 481070
41641 440295
338249 412299
300010 461617
437111 388128
362233 353943
200348 461869
262645 215028
392068 50595
344694 122548
245711 1962
463686 461560
220465 390622
38627 419925
286771 200942
5918 83125
450096 386876
413151 127605
283481 133375
136255 281254
58801 372292
388076 153036
481202 229257
375209 473282
374630 339776
426571 227411
216463 317618
68925 385026
475808 453050
13245 248036
444161 493797
153629 225473
54159 446745
488707 412374
248281 290155
191369 213910
351876 329767
162557 412996
82185 80076
306722 12794
217522 465709
254734 444454
213792 133969
66570 173064
378952 468852
57749 398229
224049 408676
478497 423415
405047 264261
332820 111435
177515 250829
1512 17249
380273 184297
357324 254399
137185 104310
155265 136798
190119 315753
239037 17804
335203 4680
145484 399881
244841 207118
287434 287306
494913 270218
374762 407417
441193 412256
200690 88786
95918 303655
182780 192775
222327 148618
191191 70398
134618 37480
16964 212110
367141 66260
78330 144357
65494 145237
123587 55781
144579 164295
155708 383138
156051 32120
447736 37126
455555 268907
251165 243213
206531 251289
62278 239977
474742 97291
352224 465215
257493 244161
166189 74728
292556 280878
182468 293650
276763 142074
288047 489564
262039 318527
486923 344285
92295 387948
124492 301182
177511 341509
304982 4251
292328 123809
47109 111174
72334 484875
108358 266468
203281 218049
424475 107822
41085 476088
266652 64273
113682 386966
489552 31663
8452 408086
267256 7612
186587 324168
461157 219105
109077 315598
70172 188732
265343 371297
415193 80446
255328 218698
373065 78380
220526 9
131727 65503
447639 391761
417024 265892
79417 224521
416967 256285
260330 234829
46466 179101
389297 325291
433923 361488
286987 456647
285519 33553
408551 458296
106402 132882
167595 269672
397930 326872
264877 358327
142248 396475
54170 351737
447090 62634
318642 79284
420979 137382
461673 180547
85321 421026
34184 103253
148102 198666
164075 351887
482768 48185
215937 187462
173249 366273
98479 270598
354600 1446
195628 317453
263173 80259
146470 370480
475761 391268
219868 295861
14164 72874
488994 305272
208173 232075
280673 126151
448814 252111
227956 57734
126174 485940
130348 170763
215477 134635
466444 159618
203715 319032
66733 469387
250505 49206
381148 140759
427293 448689
9655 315215
96395 69482
28116 347276
93839 190870
302650 364096
474140 123231
353478 276140
440121 180002
436711 260040
92958 261232
60835 151422
440635 60077
303024 96815
251505 90132
478459 308109
469719 479025
43748 465535
499991 234181
488319 317472
357614 21509
161237 399904
458447 317083
364418 190625
212577 43556
127061 194364
163612 5680
58290 118618
26000 134150
151091 177019
313119 86269
13123 48882
334654 404580
65122 413190
464952 331867
215300 355827
211146 175511
337617 265255
117800 369538
410214 486726
344214 426201
80659 341927
29136 92940
424443 17716
131459 96289
179288 332814
451538 99026
320052 393958
399186 436714
204049 244613
163726 436748
442049 296965
220547 20492
425743 75734
219333 478356
396532 413562
12249 32065
420611 232809
305625 233507
110526 254094
74131 356064
232510 250536
377546 478801
6735 117994
378515 481380
445329 367931
188825 379257
305272 379159
355642 200613
324845 494092
368360 261298
149100 414845
19049 403388
58948 267971
94775 476053
405881 284263
152768 259458
235589 294761
9031 287068
51603 317405
457090 299057
95523 385992
261882 442657
456009 273191
248078 489153
161645 37609
442768 432474
106348 481456
218118 486123
245878 362772
479914 256483
212558 46367
233675 359560
320461 426418
24010 165171
94912 152127
26398 295697
204965 206925
57296 457380
30962 250103
318559 448320
142734 401805
273277 335118
270294 7986
75665 195404
233561 16476
46387 189003
78140 156791
422963 67888
59383 59266
180498 399988
373270 234992
61831 199013
112985 224521
231163 432098
21301 386343
391374 302274
71057 313017
352496 216109
435849 227139
105064 395233
14030 193627
459409 160399
339140 328270
295928 261244
51522 105049
381919 407457
301526 33297
245821 222315
29791 314140
375996 20956
449009 14517
469113 436935
120500 224940
461960 111320
395973 389987
448813 177034
499316 455058
496964 477519
383204 33668
393146 203723
287246 153816
320754 232633
116287 303329
439105 27781
85653 271270
37137 216272
354438 276611
343362 367408
450489 187622
61509 267629
265387 130930
9535 277701
5163 121792
373452 125449
30494 371065
80922 386782
13148 182846
465961 225916
150449 352512
180593 312306
281789 151528
274332 73889
292340 21648
258472 74012
9439 72871
449095 44622
402585 459217
138783 206708
460019 94789
334090 103679
135889 38734
14486 299923
121291 105898
477254 416011
431628 486318
56432 320019
473878 361088
67389 442604
495708 358780
38796 186507
51174 397968
100911 140059
4177 123967
431820 442774
405037 96769
494973 106352
294141 249410
396304 369132
374683 109311
98184 267973
116433 364684
89179 456871
113952 471984
299762 345491
84829 186215
203276 217982
331471 182144
89499 106162
395891 195996
80326 401036
26840 463157
490565 198492
343715 426837
479912 391208
390796 233946
37584 244970
183295 358617
90387 274285
106876 312408
127549 131348
436215 305810
477962 458068
411449 118967
83693 497173
499805 280905
81261 138132
108404 256800
436962 74244
379362 476391
209596 292136
223582 71805
391580 328474
239702 468181
82617 288968
404681 192246
241565 97842
59403 472188
156389 469037
46884 371189
430629 283427
92465 498693
450017 294672
110945 395010
370325 298630
465018 47225
498766 319594
265106 98215
225486 223414
329622 191488
233900 392469
137639 54412
88850 253642
265367 339781
79262 7753
249776 279803
364673 51932
177838 147600
183555 91135
42848 276796
214109 323972
35499 384841
357245 481456
261959 130584
135430 362141
269600 270427
484909 167030
290550 48857
487325 236541
239933 179629
376275 185609
243134 425671
118243 354912
32532 282090
473554 344353
90736 368652
328186 424350
314614 314681
473033 267226
348029 451601
428546 15119
410899 92357
438138 131306
235511 229245
482332 313388
150556 293589
261030 177579
395437 440732
183946 357360
353156 298707
382510 225687
37585 118708
246764 19314
302778 422313
114131 344646
335445 345904
184548 372876
488175 42686
148917 400305
457320 85657
51729 314614
150293 112572
330454 418769
364157 405847
425270 209803
190844 477324
327512 68384
311844 477107
120660 481250
174615 451287
435770 43350
325325 354359
452395 414932
143636 476006
186973 267275
487947 106220
80924 232540
148423 180258
232612 116923
485006 162009
445512 110001
258622 165364
112878 351100
212839 150154
291441 455117
381357 261765
173182 498312
64263 261605
119159 299048
419299 134206
58515 105401
152320 39190
80539 12252
23410 411208
162735 108839
480993 97379
157343 126594
124042 466411
446642 374315
443612 6039
102563 231411
486941 339058
288959 264575
42627 124923
135496 328455
359067 48165
366037 449754
306117 470999
63152 80536
282838 332684
236118 102263
462421 487476
196827 490047
450942 195122
407715 133102
45314 74844
461130 311572
102469 268798
210973 284472
183295 421592
470367 402738
263132 217947
164869 140750
175964 293423
313914 58767
415923 182960
373404 15946
53994 302349
136508 318183
290460 455080
364002 411524
106266 482936
386887 178737
82823 392778
176409 289333
136509 258012
41659 17767
482758 498144
475618 262582
326596 351071
410937 21154
28554 472948
189886 332160
382368 10156
485347 50522
130211 286349
136238 380941
40514 260396
45113 76169
457219 247445
227794 237845
198044 127879
76572 380488
318138 483221
402732 139312
308349 343078
188558 474415
93530 100790
397214 338586
170552 31827
475759 288473
21331 341697
190631 165545
210972 468055
197376 310716
404247 334527
422120 185048
259964 346649
42114 486772
345943 126073
208644 322366
460552 64869
44631 316472
134851 208472
286907 66678
205137 159233
391296 20738
111309 386596
40557 194873
449736 168760
365436 10987
469477 190472
92860 315102
68862 358835
34414 494379
366365 361228
497801 426752
268004 231994
153622 230332
481797 177785
136149 369654
225483 55127
271734 250423
16816 41047
152224 318523
394308 21650
454382 274773
491436 222609
395309 375688
291392 110964
86015 448366
439724 219566
499867 3892
53617 139879
220747 113916
191137 294169
43820 4378
18182 60499
285905 306295
143516 103289
280833 449682
376786 442082
211381 54394
146765 418265
81051 50965
432324 256604
149525 248316
382565 442976
335706 377852
351375 229483
338516 55830
477494 246776
123265 258528
64419 272567
39122 482467
58961 226090
425359 454299
34673 380202
205361 365754
159270 86464
47142 412325
125545 402156
110065 422869
497031 386049
300455 100055
291550 136358
228563 290220
106628 321047
38899 421738
232673 257794
442040 476633
492527 174923
164714 20151
441889 284137
19650 210293
205593 247302
319759 78392
425008 41314
260369 64249
390610 499729
465857 318277
18815 219513
65287 163869
473420 480725
2370 314455
389472 371572
358148 390203
413463 69787
301267 447655
219522 362207
272361 71148
349669 275340
328724 169743
157240 280480
194551 57640
332678 73072
336104 18406
245393 65379
4784 218218
470732 236658
47022 226311
194240 487662
181748 453704
358504 208922
463112 457354
248853 78892
63173 191582
235370 174256
342039 288585
134369 47814
172578 220675
414372 380735
466524 380987
341365 131268
139567 267345
26214 85358
433624 186811
79042 186927
325450 10305
378786 245096
132811 157025
183737 27857
202838 362091
70153 478548
223992 231782
490283 207890
95923 131177
421419 420829
8798 342787
84489 487196
256802 143636
307322 213962
19295 276530
104996 68535
150789 499589
89030 378245
274620 443434
307150 255533
114812 18580
145313 290200
33525 232614
471574 28998
208201 414139
477723 226186
178125 391646
295727 74123
432587 402930
401574 409925
224675 459436
478761 278886
488485 39315
138675 359442
145689 149831
482004 162880
126200 467895
168306 160058
425872 280586
35843 310177
427235 372791
45300 393222
27881 480749
170886 203890
146730 312140
41964 458687
406884 123465
52398 93437
347499 327246
417033 421390
1220 238519
105932 230794
62153 371414
24828 59036
345320 285265
138737 303299
447460 164895
280823 307346
162514 499630
194766 91984
475389 250816
90603 451097
19331 248937
32565 174939
267606 239315
233416 184089
307420 317275
41845 69292
24367 326929
53344 169053
78173 301691
381376 98412
252297 269970
179075 114093
119049 192419
432104 259301
480262 260400
5891 45489
111775 432845
480380 282496
384870 149572
42672 413012
77665 266513
105487 192037
227242 28582
123196 379133
294128 497608
157777 172797
228820 153136
154904 489815
469164 256012
175059 228690
106436 347611
117172 123657
203160 397332
86085 402572
79195 48672
186882 293694
19987 243195
225306 274581
75867 234039
314675 403965
181183 235417
19939 100085
167748 35674
412150 272752
491646 418119
21135 213686
239319 328482
464799 212865
392430 239390
459984 486912
52182 19655
346301 124375
422355 369496
167863 6876
92001 412035
480706 439868
232749 326381
5397 148564
116089 399119
58302 155609
483644 326518
422364 478961
164128 357155
21571 293207
358402 263052
17723 5627
376373 454873
22945 426751
267328 269608
427141 48059
311804 160362
410634 377818
427831 440196
6218 408219
430099 431983
395503 251217
47655 241688
250842 61763
135197 409536
102432 101005
425427 241597
402376 475997
462427 84855
269903 97366
51930 180428
253348 153617
351372 91213
22924 172375
419710 97182
43583 323625
205907 66618
47657 252280
448064 278637
249546 161229
470512 283288
262135 374530
321505 188113
271414 28006
382885 203648
298246 223453
33314 78659
300341 466334
279634 286026
106919 423508
203747 192508
251382 17534
217880 380849
267725 255214
254598 246965
65163 121965
166232 327211
24614 382870
145516 199592
427782 2647
404884 90900
304582 103251
175734 250381
383862 499875
278221 438947
339260 409488
306117 119325
167150 192698
287554 499666
114073 1908
264410 245329
133310 335749
314870 404506
153679 331529
318165 354658
418198 304495
277257 315251
389231 356760
461752 463242
223305 89662
92349 131352
251113 263115
58340 432673
133831 213693
13010 193535
421615 215881
321818 17792
67905 179957
170825 200132
415089 231420
229275 53696
205544 418062
234371 90814
474209 282221
162984 421371
36109 491185
436418 299207
162640 438885
326721 283944
479906 41448
232198 87448
265070 188205
207560 19490
111926 320955
326609 159177
461901 288046
90494 248225
352891 71636
348771 486228
143485 241457
261988 490783
74435 170939
313821 151058
219664 36831
151835 19123
290141 315130
186720 291995
446583 289824
442243 203544
170236 70585
212846 433833
137858 319615
435167 387750
405008 40674
498343 490197
77250 16292
13966 359190
88489 27933
438957 28472
16937 60631
432690 191297
393018 221075
279999 366634
282696 115203
404908 41440
194867 353390
36768 2021
128784 224336
73244 309133
3013 438806
353937 154946
84880 275910
126949 343424
232129 12245
24274 139993
101980 401263
193510 470162
373305 382100
302820 147364
42787 375413
116161 437180
25148 13978
405288 15868
360311 95007
439767 494648
322684 316083
293440 243769
104808 269368
438025 164030
112043 330245
42348 179766
135080 287815
284184 441574
26712 209947
334893 291945
399879 423094
98564 329484
404054 444126
9221 195118
194551 38830
135631 121222
246964 351606
438516 358076
462761 133080
56922 346830
365733 399244
238396 3757
163757 45725
343590 193342
19897 409322
457948 21722
299637 112838
229204 253422
236449 328569
37431 175547
106321 390428
177829 72887
127918 79072
458062 437386
322579 423464
369913 386962
259761 183787
359585 15168
299115 453267
123314 135033
308507 133792
186161 76342
140491 186534
432337 307588
441597 251723
131551 209604
199492 97130
85303 10156
172200 452178
133613 50340
9990 18696
228485 117610
320878 150368
151131 4430
121507 417768
85948 338039
317374 473406
166794 144381
142699 240597
441532 317997
182538 332788
189500 158536
432528 411606
407815 140771
231876 164491
248721 185641
479843 442486
469790 210132
266524 214349
487306 198456
49332 328253
175778 162808
325858 212803
188617 207311
12052 418611
422868 75945
185897 270900
127502 16615
134709 330370
115188 108894
480833 202476
343162 235640
8680 56596
10853 255954
250555 84049
211631 371325
273694 124816
338982 422557
467848 118255
25997 19245
177799 107936
286201 423800
274585 37772
425365 419617
297268 138862
482591 122269
12959 83411
327593 57972
84119 433857
479768 184611
412428 383885
231144 475357
344065 487427
343559 59621
489935 216226
98774 188757
54786 17693
246731 460219
482587 221787
433777 136407
265900 186104
303558 17694
18495 453698
65500 110522
482704 194269
469849 87528
324110 404064
65656 108344
176958 372597
361157 129040
316951 354940
148548 277321
88679 436937
197963 220209
132813 311074
83427 11816
273597 405026
160619 326627
74976 379736
467541 283692
417457 345129
109192 394239
350465 43593
154972 366126
207187 443878
110593 265791
470081 44446
62392 491817
243445 123972
80504 302426
275601 230175
290538 7348
375112 111883
249005 369515
405410 200566
106260 146121
455932 55555
249283 487114
161765 494379
277078 379264
240514 301303
21689 233968
275852 34663
81905 246227
431981 416974
111570 49239
184742 356468
260326 66139
319851 157651
118477 370454
136453 322714
199671 268401
487376 140205
276396 279336
282747 413603
113604 67309
437163 239495
362448 332389
320984 352055
126927 296617
69133 443176
424473 284710
410572 81728
294360 391518
437096 198714
287977 215429
343690 294278
369440 428228
144877 378951
74850 313145
