997 994
243740 486036
461842 159940
259733 390608
181522 276537
233794 273798
244947 399175
42700 150968
254379 348840
233842 276186
42946 212139
396966 77046
325523 48660
16206 393352
362415 82874
461764 281506
24953 174824
334647 233
239114 348956
484072 369366
252879 331595
308109 412182
363558 248891
476946 317707
497861 210152
29747 461225
173683 461824
426851 392121
40301 123654
336008 138042
349282 60722
464381 210587
16311 305135
272143 37154
117700 228188
280768 410280
330261 323821
53991 453626
51722 418759
318797 149881
362168 387047
82609 37435
231685 29499
394470 181929
187536 162247
65872 320543
125319 267458
2635 142159
432238 218294
307812 22718
454943 242212
360605 429284
230213 445981
428461 62321
454111 173450
337054 43459
143876 376037
71245 308849
407193 270558
372365 224163
109372 9847
106469 48631
344381 54856
161806 124894
45727 321692
338710 495613
64923 255602
383295 471436
222110 134557
34016 207738
200998 292036
77059 7112
334153 364259
352774 339689
35918 42408
45787 491113
145937 272055
278535 301027
498500 485766
74406 143880
649 278882
423781 414527
46809 487464
317799 161728
171616 484012
376865 54072
51774 473654
389502 404040
327879 397344
122428 450405
99044 200441
470861 326010
237616 36102
48279 152738
98012 170203
67540 231374
86348 111910
427314 10789
149143 44197
389364 303390
364523 139883
350447 87208
378535 62911
205071 242915
292511 469788
495503 106917
415931 327474
398372 184790
208184 67460
396307 49716
184070 281704
31895 306927
12232 127850
150076 484910
184055 128553
243238 54184
408320 294936
444555 213100
149665 209759
423572 95994
348336 237976
425408 178791
434996 53490
368097 410621
416137 309841
63421 34201
168769 368715
229039 484747
18526 348749
489123 424698
138009 396052
411966 393629
330558 287349
487155 434051
188141 630
250287 262892
195578 20114
27438 148365
491950 412185
81635 475856
90852 237773
386709 117681
335021 6470
389788 377027
7277 405391
228808 416009
163195 483911
442554 45021
156837 309889
17161 156013
60649 167429
261311 123225
196349 38124
173113 143382
486089 82663
111531 240078
201576 4025
184953 276861
336746 468825
210175 356150
218709 221521
475242 63004
344383 64065
449436 455113
13013 217149
87948 139466
40983 181866
1988 136481
276282 495557
301442 371586
318661 114973
175799 142807
43221 132244
151723 314172
264217 171138
470135 341668
411350 9874
287369 17074
219108 64674
237795 105376
457455 218247
29437 257595
179479 341383
273886 182277
363024 454398
42119 186194
405315 122746
297801 301867
117803 324382
105802 321039
13113 30787
414884 107661
67249 161426
336837 300491
355722 350315
114768 8098
275890 135009
394938 270879
315463 425052
89582 27460
91263 118197
43210 344069
389122 172382
470144 414955
363755 263960
367926 354100
141002 45018
160518 139217
55684 130673
375231 388359
390066 140091
225601 288271
59454 143786
498021 359862
191913 115591
266995 35230
355880 434284
499946 391067
152962 443049
216188 34358
139571 411105
453423 377677
318092 373034
66910 177649
198769 50416
8661 61127
165082 56818
488184 490952
77523 373763
342877 219489
357212 208490
285933 488851
373449 204515
462088 133236
16195 435612
12126 488844
76325 223929
51958 30361
343776 188368
266571 466220
156792 133389
312425 162826
427364 77776
420661 273900
437586 34058
17602 63070
152640 193828
271677 153220
247908 101624
481346 407376
25542 87414
172325 232398
16161 437152
437098 145337
130085 457518
295661 86370
477271 319690
216411 314032
68975 485653
424502 165755
474554 446497
124693 69135
110166 367029
478626 135312
179481 460237
283770 454000
127466 190327
431153 368378
413861 201526
154987 410379
316475 145027
93988 392116
13136 256519
148425 424313
143868 97858
435965 307925
406667 62023
170357 225588
54717 443646
191932 298327
222918 162145
162895 318963
126863 99743
295618 399890
13267 42716
348122 466033
409379 377263
439537 46784
152034 125794
136661 274118
478570 197078
422057 3642
392549 202461
191554 194603
452725 428158
424171 327225
209517 300148
184834 291897
84917 431247
65625 8277
367466 160657
78997 450890
339195 184306
222995 371624
390414 140253
317982 289430
143385 293361
302618 103307
232393 400641
34556 447670
420062 310645
42447 376151
386669 46982
94001 467843
466397 314821
424468 135076
220298 433525
39294 181782
243429 192525
496874 13612
165042 174455
171396 8873
288617 443988
352016 459335
470102 363733
27332 421556
263289 435715
477385 195600
245606 446328
407390 361840
332485 9572
381109 154270
268372 175977
291509 428374
130464 415583
459222 408650
312496 457553
481256 342015
177210 191773
424556 422127
405868 157336
417849 345925
225380 436968
403448 406948
390200 379977
336584 3392
389776 469193
331804 265570
304646 24364
252728 441961
252461 172552
113432 248932
105703 89513
386441 376665
152109 44814
36429 69505
358187 312331
17659 415721
420257 449957
251260 293459
86212 457081
304240 182131
424859 452790
88903 84787
333090 260574
227273 459439
85034 42632
141134 376025
237719 348609
138535 489622
283617 304167
332883 493695
160020 70604
414858 20545
316304 350105
96982 394622
372041 108617
440053 9450
209864 381289
323256 487918
322952 246367
423175 39464
331225 361248
111259 31241
465121 93048
151010 235926
447446 27046
297342 239752
129862 495805
420999 179052
60207 207429
211365 10051
173319 361847
392086 160323
64149 46564
445518 189077
69142 38223
386578 402517
32186 449423
107132 359541
431780 260974
175450 25145
406541 223565
349647 256380
51489 55229
58641 329962
329408 44775
477865 35717
208639 131333
355574 278912
403364 111367
28233 47847
8142 481551
259978 107253
132715 77045
5043 475131
201632 34308
174448 445088
278436 483707
456805 490332
1637 70701
139336 135452
303362 75681
52578 189345
112687 9874
105682 122081
63221 351152
305770 278340
467631 407358
380464 390568
399438 323314
421086 297565
451317 93017
350467 356138
100669 477456
313248 197671
345971 202219
493004 83424
450453 306642
93552 92313
489401 379263
435948 10276
74086 412321
252368 191020
449625 161052
456067 3758
35330 72839
182368 133691
146468 119021
424275 329751
39896 102156
62273 325149
62922 160857
156606 159768
319066 98618
15060 204171
88124 332298
137955 167595
140601 328505
151579 32768
117965 315466
163 249256
65191 64691
421398 194003
62027 50464
98337 33671
100883 60560
254790 63294
1802 299254
185468 237668
217712 19674
7917 244602
238201 283541
230647 254613
309485 311641
59531 97631
40201 490599
220785 345588
417469 408886
465282 252583
65325 20147
335244 264763
159344 8187
1329 182570
222931 230179
132968 77602
227543 221776
244571 156739
107087 34848
472840 462658
158275 104415
194241 439849
445711 419155
422251 320596
391493 119089
171938 3574
431303 15332
95636 207122
252814 115021
287265 340738
317446 437342
103554 327348
349711 387646
92127 271015
413374 777
141655 370355
86265 160525
62716 320702
111103 319438
488883 474760
415710 370850
110297 270176
416538 410645
342105 141260
15181 487463
30487 373797
71074 418857
326888 489209
165369 70948
30392 403463
33574 499538
495907 9158
478289 13666
399324 261663
23927 424152
48713 495790
305864 145067
494756 488358
164903 160582
68060 460330
402094 86439
474546 292084
74951 14915
423836 452721
450259 454400
377286 384514
55207 187514
361900 265053
8234 228287
18433 331371
186201 353298
453291 475112
215811 18987
263173 190374
14925 188885
412379 284906
162095 67471
295506 222541
65685 207213
156765 494780
43711 431796
387209 255609
276802 124737
256626 296600
237221 469090
121643 211170
69124 163291
347067 375029
186704 71811
162714 328546
12173 450116
159416 168078
283602 342367
413207 322930
216301 12229
97420 246747
430525 87551
443617 72586
187574 359
100726 215189
388256 316941
39675 2469
31192 490547
97944 254198
388814 138961
4134 467897
44293 11474
13587 21365
367735 275701
52897 347362
296174 460845
57351 485517
450027 73633
235375 393303
86051 357997
349623 294102
71645 321887
232368 452146
379766 149659
26658 283977
121469 250519
370758 77164
222391 458592
402762 446976
193852 119347
118001 469949
330904 53124
317296 67858
136139 39995
113170 48191
26985 128626
358421 144730
477627 470392
223083 452555
71644 211506
324825 346736
54941 84
331516 348474
319458 309548
322303 483597
154019 188760
415654 477572
171755 352715
254342 303435
344604 73068
89578 336867
50729 372278
484240 200225
167323 423257
20778 103151
479725 457912
71358 372010
279503 208681
309862 107043
61254 166328
200081 348094
60363 235812
251040 220630
168040 35968
67338 258070
252862 97396
31704 89761
179266 261690
4201 104748
380155 199713
374287 54463
138790 349005
150576 418455
207250 211732
391079 385127
397060 288835
240512 288210
255828 334136
447647 244179
298190 264837
424314 32373
23954 166643
79227 266427
112820 98716
418943 356986
369885 267920
17977 4249
69160 84721
108623 481144
313798 264727
416732 36742
19867 213517
227949 488042
3358 252018
101604 480571
411517 473849
24120 175816
109911 496298
164787 86544
69984 297918
280178 470027
408704 306982
24392 103039
14676 383365
169884 85964
384076 235858
472102 176097
444491 56759
301271 51812
486026 481140
229102 458447
359285 193885
2019 497997
448365 430967
219008 251425
119908 386559
72130 40863
90500 108772
336957 15825
171945 412104
155094 404275
393698 413379
189702 480919
396692 96832
277598 48962
434007 388093
442621 77389
167095 441423
89627 421286
425812 169788
383586 349740
223010 377504
379280 389942
39978 336041
60983 69421
174055 389242
432156 142157
271114 165484
396635 499880
51159 60872
197506 67299
255781 271918
307474 75095
137090 489105
487745 398802
447117 168121
330970 164691
272154 232480
427675 241361
400209 71605
332534 10709
119311 113020
354577 372667
57475 247660
241766 234421
150067 341807
427299 307336
456117 269830
403435 174861
409526 369826
329684 111089
288022 30700
251975 350485
162218 173406
478083 382799
119609 379912
256922 408328
140800 170669
355794 219996
488590 28099
244901 134909
449992 232310
347618 399
443494 102885
279402 323437
221011 388995
25300 27683
447729 454711
60873 333843
302484 293085
338440 169424
275714 118371
310340 250982
369594 393197
481953 146448
265481 20465
104026 219200
45686 268827
435518 379770
222680 182891
273326 244121
162682 497554
322561 312713
283934 430233
350177 285323
395127 165946
44107 388917
25997 433317
241618 398255
406013 335068
133725 177911
382134 92951
129892 294142
341150 211265
186359 176776
460331 132600
225112 449200
487498 259153
373148 226658
103195 27282
132461 422655
58483 192151
403019 72733
271705 358446
43302 498724
446665 327290
390022 342226
154292 50228
180420 246519
431134 161605
286190 415642
403039 121997
181702 321842
175843 415679
359492 450062
148490 379459
33007 399982
171016 220723
77640 233960
170310 56510
62528 461156
493567 22632
200701 390687
170276 211304
49944 174124
104984 203464
439426 471214
184693 81193
224826 165280
349669 14365
433273 177870
226378 138731
466087 193209
240311 344462
183267 436822
332116 61142
435358 225071
50686 186565
95488 302017
294949 364435
227458 238332
248396 324171
106707 433254
310060 147404
143252 88153
198353 280745
84283 57856
178139 487818
315155 440126
288351 10696
415130 259944
463716 260565
8930 391877
443750 164497
491473 216757
182230 119638
392641 4167
441656 123693
283393 33089
220388 8919
276882 184637
442150 327589
156843 141446
52158 173024
76437 83871
355488 455746
421295 443836
351701 221179
17611 384743
45656 303853
33103 207964
147802 490576
309014 198542
279518 23823
430125 114752
162270 335720
12790 321548
479492 364016
173511 301823
91410 491789
326028 85947
480059 417883
364225 83476
186311 138504
226586 96020
473075 450040
22747 432599
361934 410977
463615 320943
84093 46607
185781 89762
253176 234209
59807 302119
354347 162731
269554 283116
393399 190418
318328 422259
444238 231731
84625 403024
159738 447933
95693 481644
148087 401298
137620 111141
74836 312617
296254 356460
499254 81007
367483 302150
256116 456258
337773 251340
108668 223796
176585 7628
459341 402510
371258 390469
28187 213547
85085 288398
105743 459640
213830 110256
380004 310395
212858 478535
38667 321865
84914 46405
347111 1646
114111 339727
128690 284553
121056 181501
253654 369037
206157 186719
403093 120098
271984 339379
14081 247073
108007 430992
183749 301659
266244 486910
90906 410035
101965 62619
196275 485152
253052 375864
222418 295788
144479 112058
84720 36504
473017 283130
495097 82165
171775 259109
193101 120300
14716 33884
473025 230519
221518 24085
34876 202278
83655 389304
155642 352987
480205 422051
74412 219854
320410 184455
205462 96234
470365 399593
258096 445614
491735 84865
295014 152237
434174 243454
492407 313262
177566 339136
56122 449324
458963 177117
285780 244311
109488 97085
430755 437490
377307 277310
181463 441331
17806 358961
181939 373895
3224 128314
186353 345707
240570 228116
244539 95731
433963 463819
445683 90759
336628 261856
498316 141761
64756 99785
159470 24976
449054 404302
274741 283544
275894 154285
445875 50544
283095 206230
150250 277923
431120 62256
36147 277647
284834 483346
113050 459881
97412 229803
23327 297399
229952 183611
126999 60565
346835 192471
135177 159856
480241 332425
175153 189390
254878 64462
150624 335748
330678 469527
110746 21054
87526 192936
230358 267899
220656 41083
73570 421038
397899 431006
320893 423263
433633 320113
144347 136647
33199 132105
259621 180632
275593 417328
375830 275027
358452 242723
207742 197903
487657 131986
61827 219673
320376 477092
324891 340910
289635 106256
297172 382979
454335 295141
357900 423709
427479 294754
426873 430042
173609 93663
335746 477478
102247 438659
73380 80519
280182 475147
207566 85138
353778 436873
323653 344690
414025 406179
144321 264968
202555 402160
198702 5638
256513 293694
262668 79764
369539 405199
418576 371723
254239 237655
361153 438556
499977 190464
335355 242218
371622 94918
62127 140235
30736 367324
58465 28908
216406 277061
469960 388298
119129 215675
305714 369081
423343 88843
165470 445089
383139 225655
45152 5308
164979 255475
315072 322969
154033 370505
325595 267420
244451 191509
296225 118684
392804 199369
328182 292356
368352 159178
290225 413587
8315 122609
242111 231547
460971 119307
83873 186053
417273 279194
103113 52716
35525 33042
260578 84414
395135 129309
209957 83486
41166 229175
129253 454212
283500 207090
245924 202299
152264 222291
464411 238242
95363 217203
469910 123917
488308 387391
357205 130849
418981 156440
407404 217499
239347 261748
435140 240169
424881 131868
86744 439471
98854 55564
4057 94948
27978 342806
115435 262418
385261 52191
288294 32186
492752 398976
371189 320845
495146 299046
228442 253204
189829 171410
480008 270697
4447 102106
336296 194812
57641 204998
23509 471791
318187 294868
447391 441850
244285 122421
66188 121864
271759 253102
104754 385464
265795 196632
457150 287677
67630 147520
36913 299422
291515 91015
53917 239575
155175 261859
74348 465622
204070 386524
491450 236863
261725 134800
33174 459464
306758 14607
176517 493374
255983 460000
275103 49950
494267 460571
384400 331836
211903 207693
42008 292352
300198 262039
249420 280516
403118 319631
48594 280887
260424 228733
41705 354686
88316 424959
58783 114285
300675 100805
301304 460562
25996 195158
93102 422987
468888 301385
82252 275147
354237 112941
99409 236473
388326 225922
299507 453552
314449 274110
352922 350528
104592 203913
96353 123500
442409 320353
196440 79850
83958 235030
100837 59878
333382 191855
403646 174559
76730 36707
272848 326728
177064 429089
435740 138281
246716 329513
467988 206012
166290 269456
484930 144656
374653 380704
497474 130537
142787 428758
276291 273534
225534 47842
24330 391353
398909 390475
275087 136475
268449 277128
110910 308405
57473 465800
406679 35024
289638 130603
344335 290566
184688 13414
182028 180551
481263 247811
392557 206805
317482 212479
405023 176232
374268 442442
55785 442251
134098 315242
310498 44253
254830 389465
302229 380177
485255 47074
13444 93071
400550 377736
192354 170960
195947 68191
23703 330021
222374 390225
172864 472305
383583 230170
478317 463499
115502 32973
193601 345373
292483 488429
320053 53415
261120 144180
341590 445757
370266 15344
144482 157028
42908 403296
454095 198169
249827 223483
263780 225003
348771 38474
211293 467100
387232 411369
70092 374404
48918 189867
339827 280686
334706 286835
83114 333944
190743 199035
287359 165143
444122 178256
493649 151441
325574 312308
331733 188450
266969 332443
76081 413592
334692 486607
333572 36598
20047 89324
334203 18965
50803 219972
58397 413694
174239 331036
57281 492241
27123 324493
167090 425697
276552 152772
158450 420918
244774 146211
443604 9194
395436 86462
378272 27724
270988 288862
252723 269984
311819 484513
295453 394493
204486 366552
235009 264493
111784 432296
456376 22001
157333 211082
428398 129178
390115 197419
156452 422769
343835 428077
168172 365904
72284 146052
53232 422855
148312 206521
245292 238137
486933 446538
173231 418300
353485 194632
400830 125756
302639 453016
414289 480440
322972 80147
242356 404771
194667 187334
117927 145124
442693 248530
480254 494903
363625 186189
436674 390794
360905 228287
298894 272065
333356 97638
475923 296754
404842 41875
216084 259337
432851 77291
243147 377670
218472 138567
491042 203418
356288 188404
236731 78062
293733 421587
32905 376284
481108 383801
493428 110708
354208 213745
399129 8120
251760 336534
422920 479936
103772 38841
228356 56215
497780 311041
44070 45499
36250 382278
202010 72353
43011 10228
143137 66191
249657 5103
460813 311905
298204 139273
91976 358053
473340 344237
49966 486366
321057 334584
39022 157797
197444 105083
339693 487299
232659 354778
96419 235800
245328 243568
31931 495287
244626 267817
321943 66824
239139 296742
351499 167141
268321 129532
147965 70173
49022 495765
318955 35860
249279 150446
236261 247713
398304 80216
306671 443566
325486 472599
50432 231260
489004 251141
168230 35869
80047 254416
337887 359032
164002 96120
3489 276616
457635 62323
238932 198813
90212 349672
369938 213017
340747 279191
72206 488756
146162 141968
355114 363161
269672 90423
410943 349287
10829 255398
9401 485105
297242 52267
15897 109183
260279 41030
213361 329482
110499 32620
362475 295972
136688 298311
270467 170605
447012 312243
458888 23711
219001 306243
176063 395235
204094 5114
86367 405338
228692 366930
308406 324757
482353 212793
387939 420061
364257 74607
214106 418540
276672 489993
272356 297042
131873 232081
458972 206865
470698 113603
212051 333473
56630 283537
237100 285293
187697 126240
339713 311155
386143 403370
221916 313064
416118 125594
262527 199858
211968 334643
93245 150989
458746 111369
466174 348359
373719 350693
277535 409028
54302 307462
260143 93594
244391 155291
311220 358773
326594 41610
30276 255092
368304 217132
453772 13675
217448 34734
155276 342303
74164 346162
83769 328685
239249 362668
87001 65508
113011 28134
357291 317158
469374 356124
111549 284970
91022 341056
42292 201245
163312 111607
195592 148893
127783 158618
402404 344764
101544 329814
149290 222819
350717 423245
482254 464493
264230 80691
194006 62119
389524 140401
40320 374967
198540 285477
18428 17618
5578 131264
461485 23492
111323 473223
18733 131724
438946 272883
79014 17405
445492 29489
67482 153247
181308 172867
345404 20139
198168 473180
479380 113651
130266 401608
248703 249623
46120 123362
440044 305201
296796 461884
3616 185674
454980 163130
422515 373571
156099 250455
332913 384237
13678 314303
136475 414609
256752 327156
195203 442953
219879 184297
133363 190213
424197 380394
115462 192199
154608 121074
321198 48679
308194 430706
167084 13232
74986 334673
188315 304545
53609 103623
466246 41677
150421 379201
195597 495035
24089 493088
281060 67558
428308 470906
442547 259902
231094 323639
271735 209990
135686 48277
43168 3540
430462 457284
370354 42613
239277 364651
431652 78214
485780 440962
20963 457019
103690 162901
20592 60892
284888 259272
206846 1155
2269 137101
113525 292831
365323 332751
268658 406580
357257 398091
403332 247033
490703 73874
435536 33721
103149 275336
142894 317394
226980 323944
331978 484857
492395 134941
450789 5908
342668 392618
189201 143903
106244 423332
63960 482567
270310 314483
110197 63858
172825 231125
8377 358357
137782 249210
440968 346716
450954 300009
326810 499366
438874 168505
248602 285190
339098 459449
294698 238276
257173 432553
41053 103001
144456 457406
402140 122935
276775 452194
314722 334591
483062 7729
319520 431112
182449 306494
16121 241503
179749 428172
100934 263297
363061 212342
265620 3555
213526 171495
35169 69835
40979 211522
495395 487668
183082 496187
480193 149261
328140 119868
304312 603
366881 13922
103319 237203
240802 374333
481155 61888
315709 102163
260980 246403
370197 162397
248758 349070
138239 353321
222538 248841
253830 76311
447106 163277
482888 85532
279304 15307
464183 451681
162871 165542
224953 17413
30048 128404
90824 292343
190951 35010
239539 118845
149892 346029
460122 239952
209154 352617
473974 281758
245251 5246
166479 310182
305466 464454
351812 498720
377008 221936
193863 161746
296064 418592
443550 238683
108090 343853
463267 238253
482020 279202
219173 338603
79796 314046
69029 410127
12535 481491
259642 153766
264398 87306
355085 210802
174348 47582
50621 23431
156185 464669
56956 351470
336978 314218
83217 43749
89606 333629
119764 51677
192890 361729
8213 156603
409990 433142
180341 152440
219222 73933
15851 147873
8554 306862
57632 352376
303158 230869
96308 498417
325443 68144
222295 202197
207629 458019
304816 329378
433858 29509
258298 393993
209257 28096
485346 416879
485369 229781
115594 157421
371166 339061
56105 10160
73271 72105
333865 274394
4826 461643
491463 227774
443951 338635
327959 348104
151857 228171
234429 186995
151184 188931
156853 330225
304050 152862
96812 465414
308749 293947
5637 437357
12334 422413
241141 370034
412534 2171
261895 83830
45112 218049
334968 435599
478492 440845
493660 212357
206398 390147
160024 337078
491792 145369
140581 279923
412148 415996
159732 179009
257795 102985
122884 133592
24809 176628
77102 6343
220198 247077
61338 270990
462414 29302
63878 200515
21002 148279
82886 187310
389621 63946
80575 305517
142304 398086
102123 324529
48303 499416
71160 145470
466393 488702
65417 307599
161548 263659
150132 15728
401127 409606
84898 184674
38846 164490
18898 86746
472729 109287
297238 196130
139957 256864
9460 361975
418466 362443
190342 367178
130979 374036
99098 483423
406545 379258
122003 67953
255513 376208
450023 193387
165529 156126
359551 397136
312807 230814
137082 414741
56682 421087
418315 356578
492190 445381
121942 290517
183189 312295
425046 22078
416753 139887
75066 231491
19498 270302
374371 234302
92430 28805
144808 250682
110908 56653
188818 466170
275465 112080
66496 408595
219324 166494
455077 399181
384753 362201
496933 295269
43161 64697
246043 208781
82263 26057
348950 139371
19077 491688
193176 189814
328974 287049
207925 286205
496657 343092
308730 205855
14340 464610
260548 146932
72911 475492
205476 327042
467085 369149
293281 193065
152238 426276
414902 426776
400503 230883
301456 163797
330113 457178
369202 221370
427158 407229
467281 93202
162103 261745
297399 124864
69785 332083
236228 370264
96675 139954
321992 210756
353906 489872
106315 220800
326165 246853
371494 402974
273521 110556
475111 263459
199198 353107
191217 470312
10888 196767
429081 61275
108399 77286
439978 344571
431015 387236
28898 255519
79161 80807
459058 393552
370944 409906
303938 129770
218797 58462
102795 9759
298019 396180
492443 42580
292988 76820
499125 223522
333122 121009
19535 467255
191287 85139
56402 390066
363790 464692
204668 203082
15951 57155
236385 216648
247575 169316
223238 480584
113110 485518
97797 326556
52335 284075
121389 37833
390843 40124
405407 138760
292359 421842
437489 167974
379153 435318
399055 75364
455631 446243
233365 389880
146472 22694
259286 154347
260408 80741
346840 475417
437552 461749
359893 225748
133172 374274
275420 402560
352060 189483
151662 19256
366964 195683
27265 182088
76860 279729
255105 458322
181352 359153
406570 474473
31841 461937
229359 113401
331458 442421
413526 433053
24220 17235
312538 401479
118867 170456
238888 480795
165054 403937
174146 457236
197259 409826
86015 190142
236440 235619
442472 385722
419419 216286
1405 84670
395068 344995
460974 437042
302869 214484
98562 346612
43385 3753
8244 353237
106122 289005
425265 393113
62017 48062
407099 255931
261610 160689
441641 178023
229990 114828
440965 124478
79111 12139
67629 477334
104631 189148
122962 339383
63890 355042
271804 452991
3431 484150
321347 66110
496987 200833
86135 241723
482182 148323
303130 122285
491284 124623
391297 211619
9541 456557
150455 21373
313485 468631
75066 5681
318005 124380
353403 421831
280376 258688
284802 327197
123750 470138
78952 72355
273509 296916
85787 147200
124972 278351
71070 486635
106470 123453
455590 424243
238133 457989
34334 68728
289996 338434
139012 151983
354547 491684
62954 156674
67047 14605
249238 415182
154551 299093
429922 307939
194216 289991
274108 420807
171443 124482
130759 72276
198306 173657
238969 139957
400566 141972
377819 178861
128932 101644
147340 253105
453618 371923
49566 387144
475039 177257
356727 1010
315225 81032
443185 403422
191973 87385
240859 457715
386555 100477
256566 198856
294343 289701
36632 152011
303400 320346
781 69502
305109 236406
248113 291317
127219 397033
31255 327354
8320 77653
362469 112522
355980 362386
9429 438229
459835 401835
28566 118305
418596 150846
11849 409415
309429 262656
162085 300821
255148 384888
204788 345674
406047 239167
169331 410781
422069 180646
338741 13175
427083 77616
7264 275604
238033 462227
164815 59335
270730 349723
308879 199443
466991 332871
461922 314546
189228 74219
152287 379633
29601 212972
211472 306994
455683 379015
169810 28297
124761 256395
157273 257023
411583 8154
62665 194386
227942 410571
90974 120755
317714 143787
75205 434407
69275 431192
235680 22888
332173 31812
255270 36225
418920 229144
162465 25716
185056 103279
26671 337143
216477 270678
75745 62003
78492 440083
412991 443876
286925 333851
49474 253052
324596 207770
224600 54528
326568 277615
332900 354025
216695 408141
188187 256484
278783 196124
488456 43282
167286 148277
97033 221353
467395 31722
488463 240529
75299 429883
219042 2792
230725 36674
447419 375775
33551 237992
348777 469371
227287 107662
382476 142005
48586 428677
51581 462778
126760 153110
363844 190123
440709 285051
43360 374206
133290 235044
17091 328475
485907 339315
299603 413376
422255 321696
402858 472062
152035 383606
21078 250330
261798 220372
126010 497420
240742 431661
95436 431939
478466 330056
186549 474912
496558 282688
206356 245270
291699 74213
379643 474416
490572 15802
57296 154347
193609 218998
273710 317944
340272 66403
316801 81564
143927 109441
16110 45263
191596 351619
469416 455264
175181 233393
98204 293615
438704 281157
88614 413170
67324 101230
308537 410833
140430 304752
134619 300714
182293 354946
128903 11213
178615 468303
325706 485345
474794 446805
261606 314173
154171 26793
116146 391536
281642 433201
353207 396730
