2079
1106
1664
2175
227
1497
1994
1626
1766
2426
1990
1847
572
2188
1579
1961
2496
1833
1808
1996
2479
520
2287
2430
1822
176
1740
2377
260
2485
2469
2194
2275
2351
1074
1856
2545
2511
309
1239
656
1086
500
2211
2362
2322
1641
2121
1831
2112
1198
1443
1422
774
2464
427
1286
1993
216
2213
2219
1990
1524
2458
2336
893
538
1999
174
1046
2499
1951
2416
2561
836
2483
263
2106
2168
2247
743
1904
1950
1037
1022
1700
2450
656
444
2518
408
459
226
986
1321
1899
768
1629
518
155
1928
2436
2475
57
2429
2097
2060
378
1933
69
2479
493
2233
2505
2129
2336
2121
1010
2214
2578
1036
2062
1908
2485
1864
44
1432
2551
1962
2493
2502
2394
2438
748
1595
1868
318
43
1198
2453
2534
2269
2507
1198
1329
1192
2273
2205
2237
2385
2468
1682
1867
682
2137
1463
1047
495
2460
18
1441
765
2014
1234
252
1483
1845
2194
867
2296
175
134
1733
1001
363
2293
2263
2476
2452
1564
2281
256
760
1045
2122
1487
2333
1667
2497
476
475
747
1348
186
885
1046
2258
2241
2548
991
2371
2383
1019
2154
1791
2105
1818
2141
1129
597
1498
2297
2488
1845
2213
1886
2509
875
1928
323
129
2030
1979
2417
1882
1536
2552
1902
479
2195
1851
1291
2342
2341
2499
743
832
1716
1049
2494
1497
1464
517
2017
1334
940
1366
1542
1028
1177
1428
2173
2258
2467
2217
2321
1492
2425
1522
2445
1221
2471
835
2490
2326
2418
1730
2021
2242
2093
2310
1709
125
1227
2439
997
2430
1476
1772
891
2518
2431
2212
2531
2106
623
306
796
1290
1891
2487
2069
2205
1537
1815
2328
1985
2434
257
5
2488
1579
946
2231
2516
1515
2103
949
1895
510
190
645
128
898
2165
825
1772
901
859
1070
2112
2242
2262
1458
1113
2445
1107
689
2509
518
2449
1273
1133
664
1732
2482
2268
2305
2407
1560
1975
1137
1922
955
820
1806
866
1793
618
2438
2489
944
2434
1275
2386
1948
2182
2148
2030
2271
428
2438
1768
1620
1440
1606
2136
1792
1982
2504
2101
1704
1537
1735
2038
654
2477
2423
1253
2102
2481
1838
2519
1785
2049
2365
852
2471
2407
192
2433
2108
861
1061
1056
902
2402
1880
2184
2244
2141
1492
2143
2248
2031
867
960
1790
2457
1716
207
2558
2516
1437
2318
11
1316
689
2011
1184
690
2442
1582
2068
1475
307
1167
2036
2277
269
2273
2330
629
2328
2420
301
2349
2262
1844
1923
2253
2441
2511
1436
2303
1044
897
2388
796
2541
2500
2479
695
2188
2103
2141
1224
2115
1991
1342
275
476
2304
1899
2392
2083
512
2065
2424
2484
2195
2342
2460
2357
1824
1954
1621
1308
2459
2556
2120
1844
2077
1961
180
1695
1431
2426
816
1880
1220
49
1547
2335
2461
1388
2435
2548
2444
380
1858
1842
2345
248
1396
2328
765
1756
1804
2267
1557
1465
976
1969
2135
701
2505
2388
1060
1321
1842
2454
1891
2481
1078
1963
1554
2447
2475
2407
1780
2424
1682
2422
1323
139
1025
2307
2568
2484
1969
713
2359
1339
2469
2350
2088
2063
1856
727
842
2286
1702
2261
1898
2087
2012
1597
684
2542
941
2317
1441
483
1302
938
1448
1882
2049
286
2280
1919
326
871
1971
1771
2482
1869
2507
1549
2370
2445
1646
524
558
1118
1873
2281
2195
1311
2278
2472
2504
319
2416
2450
1287
1946
2310
896
1726
996
1154
2240
2539
533
2118
2075
2362
1631
2031
2457
395
20
2468
1907
2459
2224
94
2492
2340
1982
185
432
665
2530
282
1483
2407
2168
1733
460
1394
1313
2275
1543
1627
2285
2142
1043
2322
1713
2256
2364
2335
1944
1765
1898
2072
2449
1455
2282
1792
1525
1130
2419
1596
17
2266
1378
2417
2451
1911
1746
2485
1057
2279
121
2074
893
552
629
2380
1413
2149
2496
612
2430
2476
2503
385
394
2416
916
2354
2507
2381
2427
2137
2362
1461
2274
2452
1705
2426
2494
1628
2350
1901
1232
1658
2318
1284
358
2497
1921
135
1492
965
1634
818
2334
2424
465
2296
458
654
2071
2361
2480
2099
292
2421
2015
2505
1854
2162
2275
1170
269
2475
2455
2169
1189
1485
2182
1977
1689
1213
2212
1097
2479
2477
1443
2569
2173
904
2464
1308
2340
2554
2438
2451
2255
523
2097
2476
1794
2427
1427
1894
1716
1194
1562
1691
1719
1933
190
2383
1269
43
1464
477
2541
2402
2127
765
2457
2303
102
1625
1970
561
236
641
2394
2492
1203
1732
1865
2452
2401
601
1935
2331
2269
2428
1152
1649
1862
442
2287
2491
2217
2469
2539
1620
2420
2439
2021
1555
958
1129
2378
1218
2291
1364
552
2437
2332
2359
2498
1472
2474
2296
2190
596
1782
1453
810
1705
2437
583
2456
1394
155
1840
767
2476
2164
277
802
2226
175
2313
1907
2445
1970
2277
678
2338
2428
2461
2471
1145
1512
2424
2466
389
2416
1967
822
2289
413
945
2470
1253
2104
2431
2258
1755
2471
2504
1572
2270
2465
1914
2454
1012
1153
987
1676
2486
1073
77
1156
855
1824
1933
2541
1881
2558
2350
1037
1428
1843
1587
613
2350
1711
1196
1354
278
2511
2334
2450
2270
2497
593
1574
2344
1133
905
2509
814
2507
1309
591
1093
751
39
2143
690
2467
2102
813
2393
2112
22
2471
1472
2365
2488
1981
2444
2557
2078
1652
222
375
2039
1398
1250
2456
1604
1577
743
2524
2469
2126
815
806
1017
2162
2532
1652
2437
2094
2428
939
1242
268
1944
559
2033
1530
2487
1317
2452
2177
2187
568
1662
1526
823
1
993
1758
1564
2553
2538
2398
963
3
615
63
1854
1881
2458
1990
2381
1889
2392
1041
2439
1589
1672
2536
390
1234
2475
2110
328
1388
536
1865
306
751
2071
2103
2517
2456
2153
1859
2477
2064
1990
2474
2445
288
1837
2425
1897
1112
2328
657
1151
1273
2487
629
2245
1754
402
1517
1910
1073
2550
2342
1591
2478
2286
1874
787
2450
637
2330
1003
2092
1488
1727
1571
1945
1047
2409
2462
1282
1095
2069
207
100
682
2329
517
2182
2553
1692
242
2233
1454
1748
1261
2227
2522
518
2297
1947
1740
2369
2379
2337
1886
450
2488
2454
2411
1189
2364
1773
2163
965
1633
1639
2468
1076
2203
1243
190
819
1821
559
777
2264
2549
2009
1116
2546
2472
2179
1689
2381
1390
2354
1681
1849
1186
592
2086
2260
137
1038
1409
176
1263
2513
1736
119
2394
1242
2426
302
1841
2553
1270
2436
111
1127
2170
1371
2506
2510
1928
1001
711
1412
2465
1910
2552
681
2342
1016
2383
1269
784
1493
2071
2490
2308
606
1103
463
1146
1575
1814
2104
2475
2342
321
2060
1276
2440
2395
1948
1682
1380
1845
2462
2439
2532
2323
1991
1231
2492
1501
1130
2274
1775
2501
1738
1960
1899
2488
2342
1645
2363
1539
2323
2013
1964
2550
2033
2562
1992
456
2267
911
2451
1600
1034
848
1475
1903
1909
2544
2481
1745
2306
2428
332
1388
2559
2279
2220
2500
1729
2336
474
1999
1733
1318
2145
1760
735
106
1323
2446
2488
2339
2344
649
1959
890
1946
1458
2308
1881
1392
2521
2453
2440
2513
2153
2502
1651
2269
2384
2116
413
1507
1908
1544
2019
1773
1277
2218
353
2360
2196
2210
2405
35
2431
257
1711
1772
2490
768
2253
1480
880
195
79
1954
1867
1521
1907
839
2007
1002
2495
702
2179
2004
2237
1896
2143
1430
1869
1449
1227
1636
2426
1777
2260
2270
2426
2472
2003
659
2566
2520
2159
2065
2129
1922
19
2132
2425
2433
1779
2329
2057
707
1918
184
2077
1109
511
2389
1782
1735
2297
2285
2253
818
2485
1202
2353
2220
1203
961
2441
2386
1259
772
2566
896
901
1527
2183
2347
1326
750
666
2148
2251
2012
89
2114
1482
2209
2413
323
2446
179
2354
2363
1256
1134
2176
1734
2000
1584
1891
18
1655
663
978
2324
615
2461
2492
441
1544
1225
2486
2240
2281
2228
1801
999
1170
2083
2164
864
2265
906
2422
2427
2423
2448
1771
2461
2177
1175
2516
2221
1557
2350
2276
2504
2392
930
1134
1693
1956
982
2369
2427
1457
1910
1516
419
2435
2537
1714
908
1635
748
1502
857
2324
2465
2390
1034
2116
1999
2452
1978
2456
2085
543
2402
1396
1670
2473
1402
710
1087
1565
2279
425
778
2305
631
1835
2450
2034
2306
2379
2281
2148
2428
778
1394
1901
2126
2448
1495
1516
408
1315
889
1581
1621
832
1732
1995
1425
1825
394
2140
1111
769
1373
68
2325
2224
1541
2517
543
2329
189
2001
1865
2344
1738
2190
852
2442
445
1385
1296
2437
734
1834
1982
427
2285
2447
516
1474
1749
2244
2505
1948
2416
395
1523
1699
972
2338
785
496
1904
632
1410
1630
1239
2512
142
2512
1756
2486
329
2028
499
2439
2405
2539
2265
2215
1240
2334
1076
479
2416
2484
1413
2541
2314
1170
1805
2520
2109
1304
259
2281
396
2438
449
2020
620
96
2043
2531
2415
351
2172
2046
895
1870
913
138
61
2070
2497
1444
1475
575
1392
2182
626
2427
2452
2170
863
2447
417
2471
1965
2353
932
2254
331
995
355
1719
1781
1391
2480
960
964
831
294
1749
243
1158
1638
1092
711
500
1461
349
2362
2481
2542
1150
1242
1424
2167
2167
2160
2455
12
1764
911
1362
2102
191
2464
2457
1384
1649
1561
2394
299
583
44
2503
726
1729
1891
2403
2201
1374
2502
2155
2308
1710
459
334
2541
1616
568
2035
131
1313
2412
2044
2085
1262
1000
2366
1622
2466
2567
769
1194
2358
81
2264
2056
1720
627
1465
1673
384
2450
698
2420
2048
2524
2532
490
2179
264
745
2492
1394
2571
2133
2490
2093
2494
2167
829
1590
1016
2370
2458
470
2447
1737
1695
307
302
2257
2504
1318
255
2279
2150
1538
2175
1753
1319
2123
1853
1664
2459
549
1426
2487
2260
1763
309
874
516
830
1345
1949
2281
2493
1937
2160
866
1077
1779
2458
1611
2071
1043
704
185
648
490
823
102
1950
2406
1244
2543
2427
1620
417
987
1411
190
596
2355
1931
2497
702
288
1792
2489
2196
1727
1517
1286
726
2443
2387
2271
1938
952
324
905
456
2462
2480
122
1965
2322
2075
1642
2371
2365
2442
2343
2146
1196
282
1119
1381
2326
2468
1971
378
2183
2251
1538
1472
1871
42
2271
283
2027
1596
943
872
1551
2193
2420
1892
1654
659
560
224
519
893
2396
2556
1016
1911
1628
2537
1480
943
2482
773
1474
2374
1530
504
2341
335
293
2465
1705
263
327
2469
1190
762
1629
2486
250
1089
1509
164
1594
65
424
2169
1516
1384
1797
2452
1324
2327
2158
2399
2490
1328
2490
464
1056
2426
1067
2074
1551
724
2306
1127
1022
1913
1410
1824
2465
1297
262
485
948
1960
154
18
444
2510
688
2062
854
18
2027
2401
426
1644
2040
1107
1020
1495
2228
2522
752
69
1966
2519
971
1690
917
642
2371
2089
2375
918
929
1206
2432
2180
493
1829
2302
1004
631
2073
2432
95
2021
1198
1564
1710
1447
2484
2384
2343
2112
1799
2468
277
881
806
2451
2249
1215
689
2499
380
1997
1852
2370
1157
2001
2403
2030
1760
2177
20
1973
2373
1902
538
2391
1375
2164
1652
1919
1897
1879
2204
1711
1918
725
345
618
13
1786
1116
317
1686
2233
1572
1993
337
2466
1241
1144
2357
539
1682
2466
2499
1666
1060
825
602
2043
632
2479
2429
2371
544
1783
2016
185
2036
600
1294
2436
563
1371
1346
2419
1480
1219
2291
2419
876
12
834
520
1708
2290
2390
1519
1525
2069
1392
2003
576
2417
2434
1961
2198
95
1659
2371
2257
2487
798
2311
140
1756
1825
2441
1971
2570
1083
2483
1358
1545
2411
1129
1313
2389
1124
1652
19
2178
2488
2106
2534
2
299
1458
2315
973
120
2551
196
665
2524
2473
1487
2310
657
497
1703
492
2551
2201
2206
37
1008
714
1113
2458
2242
1152
2467
2232
581
2474
2566
1904
2155
474
1522
2425
1680
1681
2487
2520
2357
2146
2443
2360
845
2259
1543
2081
1871
606
2520
827
2067
574
1837
2497
2468
2505
2334
307
1627
2461
623
2338
2194
1277
1053
417
2505
932
2515
2364
610
1960
2401
927
1941
1035
1094
2526
2450
1708
2472
1244
960
700
2554
2433
2292
658
1176
1204
935
106
2181
2154
2258
1100
2370
2474
2402
683
1160
2347
2079
2433
1960
2549
271
2150
136
2099
1172
880
2501
2524
2444
1341
1253
2134
2259
1502
2307
2449
2318
968
2371
1924
70
967
2394
2335
2208
2299
569
1593
1976
1460
2171
1054
2243
2456
1987
2361
790
2320
919
2349
1228
2455
2460
277
1710
62
1882
2519
2281
344
165
2489
2459
2370
1634
33
617
2106
2315
1459
795
2089
1062
2257
1875
1764
924
1154
902
854
1772
2512
1677
1937
714
78
2196
1726
2552
2393
2151
227
1144
1898
2285
264
166
2228
1871
385
2517
2397
1495
1821
68
2496
2235
2457
2460
1392
2466
2495
2420
1394
2164
2428
711
2436
2064
871
2066
2494
478
1694
383
1395
2167
1565
2403
2208
2246
1459
1430
2465
1953
2046
2375
1794
1405
2058
802
648
1671
1685
2416
1841
864
993
2366
1752
2308
2306
2501
2405
797
1702
1972
2239
1414
545
2459
1246
1711
2505
2303
2400
2099
2448
980
2275
2346
1252
2146
379
1738
148
254
1622
799
2359
122
2233
1725
74
1747
2525
1826
2433
1503
2504
1379
2465
1856
2226
846
2456
563
2311
2014
487
2416
2206
1214
2413
1773
2379
817
805
109
1062
2573
978
1019
2518
2511
2512
1232
2235
264
1946
2556
2497
1557
1705
2395
1998
2432
302
610
2238
1805
1253
2191
421
2320
188
2412
2526
2465
1698
1350
259
2509
2546
2248
2495
1671
171
427
1109
1733
2463
1765
2323
2420
893
2133
2431
1739
1387
1650
28
1402
1237
907
2004
744
1515
1267
2273
357
650
1161
1615
802
2323
86
1532
2487
410
2402
1395
2546
2134
2047
274
597
2241
1039
103
2278
638
1337
1805
944
2192
2462
2380
1099
2195
2251
2466
1262
2109
1956
41
436
2459
654
1112
1058
2432
1428
1274
2204
2065
1202
2046
1486
2468
1982
1573
799
1823
2293
2105
1004
2307
1985
80
1914
2370
2347
1431
770
24
2016
701
1978
2174
1454
2184
2371
911
1567
2357
2020
826
2054
2078
1018
1860
2033
2271
2495
1780
926
1546
2090
2406
230
2402
2261
2349
2454
130
2443
1565
2364
15
2423
1231
286
871
2260
197
283
933
2375
1223
1270
1550
2527
2076
2219
2296
2069
2416
1595
2192
1541
2490
225
2438
2096
1101
689
2471
2449
1498
1640
2302
1849
2242
2383
1970
2436
2374
323
2556
310
1734
1307
1447
2421
130
1748
222
2430
2439
2386
1557
561
834
1345
765
303
2470
331
1748
2510
1965
1144
305
2454
1662
2144
610
2253
1486
2427
2485
1538
2372
2478
2146
88
2469
569
761
1149
1779
2493
2288
1593
2362
2090
440
531
2327
1030
2491
467
1748
823
126
419
1380
1770
2389
2367
1623
1508
1107
1512
1449
2447
1398
2167
2449
1540
1593
2023
2566
884
2451
247
2490
1932
1688
911
1419
2458
2045
1948
1847
1491
1535
2321
2507
2418
2132
929
2486
2324
2495
2131
322
180
2191
997
2324
2326
2084
2495
1319
2558
870
1271
728
1272
2459
1705
1846
2279
2424
2329
1924
2415
1922
2366
2229
1587
981
2329
983
2310
2215
1734
2450
574
1236
2344
2421
2551
153
2415
1457
1318
2489
7
1692
2346
2397
2194
703
2474
2517
489
1263
1059
2143
1875
1967
2453
2380
1346
2501
2241
1041
2156
948
1359
2264
2421
2350
2543
2007
2064
2506
2374
1349
810
349
1621
2451
132
1542
28
860
1635
392
2285
1382
1944
865
301
1488
2457
2244
873
1297
2446
1494
2224
1979
9
215
2270
840
2507
1226
2439
2483
1125
1520
2500
1932
1015
2022
1146
2545
1693
2182
1109
1386
1994
1552
1259
2227
2496
2264
1946
907
1744
2502
2146
2535
128
2412
941
2423
2464
2480
1965
2289
817
1057
2453
985
911
867
1728
990
2484
2348
1496
32
2444
1507
1298
1394
1318
1301
2327
2497
2511
1436
2250
2369
2141
1261
914
2517
2334
1999
2458
973
2164
1464
321
2341
1963
1234
741
1856
1286
252
1604
2458
1777
1480
2201
2357
244
2398
1943
2151
1053
2015
276
1667
1904
1533
2146
1800
399
202
2025
1700
1784
1637
2500
2198
1538
1270
2190
990
2393
2225
1057
2165
2447
401
235
827
1634
1623
2552
87
80
2504
2359
1189
1850
2407
2358
1508
1280
1098
1075
2475
878
1879
1819
2023
1070
1895
998
2367
2150
1494
236
171
993
2478
2260
2538
2440
520
196
2380
2066
1414
1843
1004
2478
1757
2470
357
2122
2562
1019
1559
289
2498
487
213
2143
1948
2417
2254
2559
1920
2552
2233
2478
1798
722
242
2455
2467
588
776
533
1992
2249
1972
2145
164
1431
2474
1691
2471
2082
2460
1247
1387
2471
1118
2415
1709
2081
1446
102
1609
2538
1602
2443
1541
640
971
1872
2222
1932
1836
2479
2082
486
2542
2212
1842
305
2490
1593
1203
2466
332
1941
2459
919
2538
2364
2328
1522
2283
2542
2112
2413
1648
2018
1812
1620
1031
2240
2235
2540
2518
2491
1807
1975
2437
292
970
2414
2513
737
1280
738
1812
2492
2478
2118
2395
2360
306
2435
2459
2566
2355
719
2469
2536
1031
1488
31
1100
1708
1970
1740
2000
1670
1318
1950
2395
447
58
2238
411
1598
2447
196
2051
795
1768
66
1828
1993
2381
2420
73
2561
2015
2443
1945
772
1830
2474
1001
712
1241
1797
1577
691
738
1653
1512
1951
1981
127
2413
2158
1980
2428
2203
2285
1437
832
2487
2554
1788
1788
1296
1788
1350
1668
1661
215
1524
1341
1766
2346
2179
696
2338
1535
2472
688
2419
946
1560
245
2364
2455
1625
1268
2413
604
1618
1524
735
1415
2113
1106
2291
2469
1042
1793
1974
2447
2113
2174
237
2022
1595
1866
965
2543
2494
2469
366
2521
2322
2358
609
550
1998
2098
1477
205
2249
1933
1529
2024
238
2283
2532
2065
1993
2503
2178
2015
1893
1548
2263
2107
2211
371
2505
1739
1968
2500
2446
970
2510
2003
1441
2333
1130
1059
2491
2509
2529
2399
101
2247
643
2473
2470
2107
2426
997
90
2423
2465
1941
2329
2086
814
1713
2196
2497
2247
1620
2436
1161
2458
2301
2393
1841
971
1197
2425
548
2179
2494
583
2311
1956
592
2121
40
404
2188
58
2486
291
2475
1780
1290
1694
2460
1252
1355
845
2019
2071
1902
950
2469
178
1793
1200
2343
2439
2193
2318
2253
948
1497
2447
1255
2545
1862
676
1169
1966
1636
338
2004
814
1837
2306
2308
2571
1110
1266
1342
1149
1501
2454
2219
1179
1491
235
2395
865
2487
417
2237
2440
1404
1282
828
2020
2477
2087
912
547
2386
1967
2181
1376
2458
1161
2148
1223
418
2005
1546
743
853
1784
2049
2461
289
2079
2487
2426
566
731
1681
2299
2303
2466
2379
1837
2448
1459
2573
1890
1181
2131
615
2449
706
1936
2452
1998
1625
2276
865
141
2441
1137
559
1663
2122
2384
2484
2287
2567
1821
1435
1873
2161
1658
2471
2456
2245
1352
2518
384
2404
2559
1057
2391
312
1698
559
504
1445
1305
1396
2458
2255
347
2430
1236
1400
1610
732
2446
2262
834
2449
1121
2527
1091
1991
383
2518
2417
2454
1374
2552
1908
2487
1962
1163
2295
1685
2562
2394
712
2023
1794
87
685
2249
2151
2007
2369
1046
2428
2175
638
1757
2203
2200
1492
1127
1903
2546
1472
760
429
739
2550
2364
881
618
2228
1933
941
1634
2164
1618
2375
1541
1894
2122
1643
2016
1633
2466
671
2510
593
301
2163
1889
1360
2402
994
765
2542
2433
2514
2518
2301
1786
551
2485
2122
1758
2473
889
1628
1300
2414
1899
2346
1553
2246
1678
1029
2011
1924
1326
2294
107
2570
1960
1322
169
2351
2399
2498
11
1824
1853
494
2274
856
1236
821
2409
967
1452
2401
2547
2439
540
1787
1589
1111
1986
1364
1552
639
2543
41
2397
2547
2549
1798
2315
1258
127
2481
2130
502
2410
2469
1188
2005
1692
2421
1181
26
462
1994
1761
2462
2047
2457
1515
2466
1029
2206
1436
834
2456
1245
2054
2151
1801
2365
2269
1943
652
2566
2470
2099
2326
1038
473
2481
2461
380
1456
1663
2242
2283
2510
2483
1931
2514
409
1219
1820
2313
2347
247
1591
2207
423
2160
2496
1873
2332
2277
345
594
2332
1410
2455
814
752
269
2474
1302
2103
2390
1667
2172
2222
1482
164
2449
1365
2470
1026
717
1684
2435
2442
1186
1533
2158
2438
2175
188
2193
2328
1238
2430
283
1763
850
1454
2078
2392
1690
2230
996
1899
694
2456
1375
1125
1035
2399
2452
2272
1461
2469
1153
2468
2183
2547
2527
1516
430
2333
2461
1185
2375
759
2475
2450
1722
962
931
1373
2404
1496
2480
2181
1597
1840
1170
875
1872
876
2209
1818
2065
2280
2430
2281
2062
2446
1588
1162
1899
2467
308
758
1977
1154
1290
2495
221
458
2099
1470
399
1285
2516
2536
2512
2553
1298
1987
1058
1392
2145
1969
551
2035
979
376
2367
2102
486
1833
2175
1211
2416
2177
2498
689
2442
1488
1344
2411
1496
1089
199
1974
724
2452
712
2239
2455
1835
2446
2386
471
2359
1394
2091
2481
565
2511
740
1660
1187
685
625
1994
2495
2012
1163
2343
2504
1768
582
2507
2451
1212
2310
1744
2205
2273
2367
991
2018
1948
1051
1529
2435
2201
1550
2276
2515
1492
2139
365
2487
1502
627
1471
2371
2537
1591
116
250
834
592
1463
2110
1475
2503
169
2416
2138
1919
2324
1301
1219
1339
2210
2487
2254
335
1251
2220
1236
687
2407
1298
2218
1786
2127
1286
2471
358
1397
1375
2452
1016
183
2354
1104
2500
1339
951
808
2218
957
63
1864
670
2172
1043
20
1482
1952
1973
1276
2382
2027
23
2419
2303
2423
1244
446
2531
2339
1230
2018
780
1516
2394
2210
2375
2533
2078
2432
1834
384
2432
2109
2362
1945
112
1085
1108
1218
2431
1816
2507
2313
680
853
1899
2521
1972
1621
933
777
2245
2472
2118
559
2177
1683
2200
594
2269
887
1213
2408
148
1251
992
1200
1218
1520
1241
2402
1350
1572
1772
831
628
2473
2448
996
681
2452
2255
1605
1886
1219
1189
2545
1060
2376
2316
2335
856
2457
2323
2419
2383
2260
2036
1894
1753
1410
218
2516
2251
2010
1022
1952
232
2448
1744
2431
177
2157
934
625
1118
2264
1003
2158
926
2025
737
763
2161
2481
2518
2211
1696
2183
2136
1965
2306
2504
2542
2288
2283
1172
1148
1115
2088
100
2201
2562
1961
2346
108
2247
2497
712
1479
2434
2279
2222
817
2017
1592
2465
1639
1590
2024
1450
2394
262
1256
2174
2445
1946
1398
2331
447
2229
1336
2310
1592
33
883
2512
1332
240
2312
2440
2346
952
1213
1838
2070
2442
2521
397
1365
2439
1480
1673
1303
2379
108
945
1452
2029
1430
898
2150
2274
363
2437
15
1838
1690
1250
2254
1903
2265
2451
1615
2079
2544
2426
2539
311
107
1710
2040
1838
1466
1791
821
2484
1482
2492
770
586
2186
1292
889
355
2496
2288
2349
2195
2015
1200
2005
55
2389
2477
1530
2187
1590
2538
1380
1869
2368
1894
2382
2025
1701
236
2130
2471
1736
1749
579
2261
925
1433
635
114
2073
1274
467
1129
1034
1910
2531
1684
1735
1765
1166
1145
2524
1462
1368
1548
2282
2399
2505
2382
2479
2364
370
2335
324
2431
2097
361
2339
2261
2423
2539
2354
2490
2541
1224
220
2382
1943
33
1370
2387
1942
2444
2171
2461
575
2035
2213
424
891
1416
2468
2206
2029
1488
1285
602
2500
1292
1778
2341
2123
2285
815
2478
2072
2434
2389
2192
2266
1347
226
1126
727
519
1490
1081
333
2369
635
2519
2367
2353
2153
991
1915
581
2062
2019
1243
2077
1014
1491
2450
1185
1023
1658
2474
2122
1951
2483
461
2464
1833
2484
305
1570
1227
2492
149
2344
3
2258
2273
2422
417
1686
495
731
1881
1471
2420
2020
1821
333
1824
213
255
1743
2532
2330
638
1991
2352
920
1483
1744
259
2158
2433
1599
2537
2549
1591
2476
2149
2401
2312
84
1182
1259
496
2161
314
41
131
2419
746
2076
2483
2401
1401
1943
1973
368
325
1809
125
703
430
2038
15
1198
2119
416
2492
2304
1864
650
1197
1344
1416
195
2442
2494
2256
160
1490
967
289
1337
2487
426
2508
2339
1910
1055
293
2571
2096
2497
1635
1830
2321
2062
1574
2247
1842
2109
832
1754
1291
703
503
239
2361
35
1223
924
2473
858
1313
1130
1115
2505
698
1969
1888
2068
2342
2518
2525
2519
2447
1347
2119
1162
1174
2158
2393
2451
2234
1975
2298
2131
2380
2482
242
1907
673
1105
2541
2427
2123
2431
1770
2564
2465
1613
2391
1735
1737
1504
2442
1298
883
895
2442
698
563
2507
2456
2312
2506
2160
804
2365
402
2110
2225
1036
2202
2408
2470
2490
736
1267
962
2165
363
1132
2453
1972
2273
1677
2355
2526
2502
2504
1176
2061
2512
1088
1521
757
850
2251
2356
2172
1702
2352
506
2438
2533
1725
1804
445
806
2331
2361
2287
61
2538
1756
2201
475
1301
2432
1694
282
1467
2462
850
2144
1979
176
2567
1374
2028
751
2379
2526
2584
756
2253
2090
2361
2318
982
1413
1385
2408
2482
677
249
1274
2024
2468
54
1772
381
1259
2473
2412
2404
164
1782
243
832
621
1617
2032
1917
1956
2515
1187
1292
2458
935
735
2540
1863
2173
1241
381
1840
2520
1670
2483
1599
563
2515
1885
1275
747
2291
2363
1298
1991
1575
414
2158
2372
2138
2023
2160
2356
1888
744
261
2453
324
1892
2501
686
2441
747
499
504
686
2452
2500
2140
1006
2417
440
2176
314
411
1370
2524
2423
1756
168
2533
2444
1568
2010
1726
2202
2537
2154
2218
2318
1914
1666
2006
2510
711
1871
1384
1583
1586
2274
1539
2503
1427
1485
977
2010
2428
1863
1017
839
1801
2453
2430
2235
726
520
2456
948
2463
1254
1687
2241
2446
2514
875
1719
2362
2027
1691
1531
1233
2378
1947
2375
998
2263
706
2433
2442
362
1696
1116
2070
574
937
453
1172
2449
360
2232
1465
1136
1869
601
1984
2450
898
2508
532
1938
2455
1728
2537
2294
2451
1078
248
2250
2458
1952
2423
1509
2050
577
2268
2303
2218
2267
1010
1233
2428
555
1634
1666
474
921
789
2454
2488
2552
1815
2436
2136
1122
197
2500
1609
2031
945
1623
1901
2480
1251
2230
261
2268
2169
2001
1750
2153
1006
2291
2406
250
2086
2511
1033
2297
872
2217
2448
603
237
378
551
1464
2402
2249
1372
541
2462
1963
871
2540
2503
2219
2449
285
256
999
2331
2496
1133
1839
1171
2448
2321
1234
1281
175
2257
2172
2525
2108
2262
2281
746
2432
1544
321
1804
288
2230
2319
820
2240
2340
1299
1620
1659
498
2510
963
2416
1377
2454
2474
2556
2407
1977
652
2098
2395
1599
2542
2288
953
2459
2287
2502
2197
2172
1880
1624
2247
2427
1901
2351
2194
1859
763
2438
1147
2451
2378
2386
1633
2357
2166
1579
1427
495
2391
1683
785
570
2269
1524
93
928
2437
2424
1736
1668
1467
576
2008
2558
1452
1717
761
2510
2459
928
1239
1979
2405
2395
251
2240
2101
2289
2425
2408
1697
2276
1872
2015
61
199
298
2371
1582
1428
2177
2129
2036
1102
432
2096
540
100
2169
2353
846
1836
2474
2531
1855
1289
558
2484
2419
2443
740
1262
2525
143
1592
1545
2045
851
663
2170
313
1708
2394
707
170
2322
706
1611
863
854
1156
88
2237
1475
2324
2296
1002
1898
2264
935
508
271
1498
1643
1518
2029
1881
2530
1627
2495
2503
2386
2032
1084
1799
1392
81
1029
2178
1124
1920
2070
1250
1033
2391
801
2415
1056
1269
2435
2308
1085
2386
1637
1888
2478
2454
1579
2383
393
2448
442
1275
673
2033
2465
718
1076
2479
2342
1837
1339
1962
640
2184
2493
1866
822
2469
655
14
1504
1358
1847
2240
2318
2458
1298
1751
1033
2299
994
10
858
2201
2243
1698
2471
1986
1921
1081
1555
2533
420
1330
796
93
2440
2305
505
495
2477
2179
536
183
2100
2152
2411
1318
1716
2514
948
274
2530
1848
128
2526
817
937
233
870
2490
2471
2450
2450
986
2332
2425
716
2
2459
1752
2463
754
1321
823
2106
1054
192
1121
784
542
2428
2489
2484
2524
1162
1247
2406
2247
2437
1461
496
1364
2540
1574
2500
2208
1818
1057
1501
696
1410
1146
1738
1556
1782
1647
1425
1709
2345
2341
2434
1032
1825
1984
1443
2108
1615
1963
2147
245
2440
577
2056
691
128
202
1619
1180
298
2466
2357
2489
1784
1738
1099
2033
1812
2453
1500
1548
2453
233
1315
1283
1050
2186
1792
2413
700
1062
1705
1576
2528
2500
2490
1403
1546
1904
204
377
2490
430
2367
684
2484
2206
2452
2462
2463
1902
1156
2365
234
2326
1762
1270
2215
799
2317
2139
2232
1020
753
668
2441
1435
936
1474
405
204
1281
142
748
1354
117
2538
1803
1771
727
2466
2549
2387
1258
2104
2407
2450
1781
584
2457
1804
32
2112
1228
1244
2481
2468
1898
2479
2053
2313
2517
1979
1518
211
2543
2100
619
2568
1142
1650
1292
1929
2475
1127
2472
2040
2502
2488
249
203
2370
2474
1659
2357
2418
1138
1227
1396
1715
2466
2509
1595
2512
2483
1902
2285
2313
571
1420
2116
2504
2345
1738
862
2436
2170
2126
2178
1695
833
2499
2220
370
2496
827
2475
321
77
2504
2348
1933
1304
2445
2454
1555
1206
1461
2317
2293
1851
841
1111
1385
2436
1636
2417
2512
1608
2478
1274
2028
625
610
2061
2436
2443
2093
129
2467
827
2291
362
78
2305
2298
2196
608
2052
2292
1298
89
2457
2244
697
2187
549
1950
615
1531
2028
2063
2056
25
283
1769
2138
169
1166
1160
2040
2196
442
2467
1701
2255
793
689
1455
982
2468
2321
1367
2382
1432
2493
546
2306
2408
2468
2484
1549
1758
2464
1080
2522
2437
2563
2477
1744
1245
491
1738
1551
999
1848
2329
188
2122
1331
1805
2558
1636
2319
2321
1413
2043
2278
2490
2004
292
1802
2124
2353
457
37
2456
2553
880
2316
1725
853
720
1743
1619
2552
1813
2230
1639
2372
1748
785
1833
2023
1163
335
903
947
669
1681
676
2369
2413
1489
2192
1338
435
837
225
1095
2372
2477
1063
2420
2478
162
2098
1117
2506
2378
816
2216
2503
1780
2459
2095
1675
762
2482
2299
2428
2157
2460
1281
2538
1286
1764
1226
762
808
1961
1056
2481
2491
1180
128
2408
1906
212
1925
457
409
1936
1153
2444
508
190
1587
1314
1148
2358
2025
2547
1288
2554
2254
873
2130
483
14
2560
2480
270
1831
2153
2218
1093
814
2410
1339
1171
880
1653
2442
396
2538
223
2273
1365
1680
1295
67
2113
2503
2182
2473
1905
1293
2454
2494
2455
1952
1282
2523
1084
443
2539
2522
1876
1148
2415
2034
2151
2434
1414
2143
2509
310
2449
2419
1210
396
2409
2394
2377
2312
303
1861
536
1628
2538
474
2519
872
904
2329
2061
780
307
633
2459
1248
2487
1482
1572
962
775
1825
1565
1720
189
2409
674
1714
2017
2322
2535
2398
2541
2373
2426
928
2399
1752
2552
2557
2294
2475
2249
1296
2048
2393
2532
2555
1371
2498
772
2285
1456
2443
958
411
2246
2539
2212
1768
2468
1639
648
2392
1060
2445
2329
1992
881
1451
2092
1899
2370
2406
2269
2171
337
2174
2430
2468
2060
641
40
2458
1777
2451
2320
2419
2567
1589
400
1989
707
1983
2507
2489
1379
669
2365
2494
2525
1009
1666
1501
839
27
527
2387
883
1854
1042
2489
891
2286
886
118
2056
166
2132
2379
932
1948
2426
1369
471
1285
2307
1965
1384
1349
810
1616
683
1783
1598
2481
2467
2308
463
1164
1191
2454
1635
2538
237
1656
2136
2508
668
2438
1390
2539
2191
694
1687
1015
2454
1905
2438
331
2260
1186
2512
639
2499
1852
1919
2310
493
2400
2205
2491
1274
872
2310
2514
2508
2507
2516
2224
1848
2131
734
2175
2332
1502
402
1676
1639
815
2161
1346
2225
1956
1195
2446
2363
55
1781
1359
2205
1616
1008
270
2112
2044
2172
1640
1585
2256
1166
2294
114
185
1041
2459
2244
2490
1803
2249
2570
1385
70
2386
1024
2377
2286
582
1702
2131
1740
2379
1162
2307
1102
1236
1593
611
70
1773
250
691
1452
2438
2123
2442
1286
1218
952
2508
1839
1827
1477
97
135
709
2376
1228
2010
2214
2423
2391
2200
482
1248
2499
2528
2206
1975
1664
2474
1793
1827
1603
2323
2257
1331
2462
978
2534
1023
516
2078
2467
967
375
2192
2444
1925
2435
1361
553
322
1537
1279
749
641
1495
1497
2542
733
2509
2377
1387
345
2502
2455
1328
323
1390
2284
1480
2264
2393
2108
1267
2493
665
586
2491
2443
869
1142
1916
1209
282
75
1391
2511
2036
1954
1371
1608
2169
2501
2465
2101
2391
2096
2193
1075
2498
2420
1483
1508
1261
1633
1534
2394
2495
2315
2531
331
412
2311
2505
1978
1750
1773
2236
1541
523
2061
1460
677
2244
2427
929
98
2445
2173
811
245
2241
62
2368
1948
1409
1438
2272
1757
1059
1300
97
923
720
1121
880
154
2012
2493
691
1660
274
291
1478
1887
1613
1106
1184
2547
219
1777
1922
1601
124
2399
519
2537
2427
354
2419
2483
310
1935
728
1113
2138
2373
2512
1141
26
673
132
2527
2205
2503
2231
966
459
838
1504
2097
738
120
2293
226
2079
1125
2211
1567
2509
1180
1002
2357
638
406
1187
2189
2514
1692
2384
2489
443
2481
753
251
2429
591
1210
2430
2254
200
2315
1976
1366
2259
2450
2422
1511
2534
944
601
497
1113
725
1757
1467
2546
108
723
1872
2542
2130
1724
28
1930
1978
2216
2535
2230
168
1334
1421
1891
2353
1869
2461
178
866
1819
2054
2448
2464
624
1540
582
207
1143
1126
473
2324
1430
1447
1191
2504
2413
325
838
2558
1090
798
991
2090
2140
1707
2454
1328
2166
1652
1118
449
1330
2162
1280
2140
2236
2138
2363
179
2544
2358
792
2114
864
2466
112
545
1832
2229
2429
2416
2250
2166
2457
1533
1033
2277
2442
643
1929
910
2227
1626
1914
2510
1275
634
683
866
2001
15
2362
2518
687
1272
1552
2216
2198
2074
773
1711
1873
817
2078
2454
2027
1007
2470
433
2424
339
106
1935
2232
1420
2507
1866
870
2439
432
2421
1235
2490
545
1558
691
1504
1002
2446
1683
620
638
1370
2503
1734
2497
989
2168
2542
501
1603
717
2427
2003
1251
1507
2049
2053
2459
2388
78
1545
2418
1357
2509
1544
251
2343
2364
712
1499
1649
2537
1894
2070
166
2392
996
2313
2545
192
1041
1404
1244
2414
341
1542
2164
1891
2494
2270
1069
810
2533
2499
2256
613
1636
2281
2354
1830
72
1719
1574
1743
2500
1079
1146
1936
2401
729
1713
911
2328
1402
1297
1944
1446
1852
2117
1392
880
876
38
2126
789
2006
1295
2104
2366
2074
1835
1449
2472
22
2451
2495
2538
815
848
1980
1998
1772
2250
685
1900
1422
2499
1082
589
2403
2505
921
2082
2041
2315
1725
1804
2255
420
2503
2097
1552
2338
2549
2027
738
1630
2446
2127
2171
2468
2233
2410
1500
2077
854
122
1635
882
2377
2007
2064
290
2185
971
2284
597
2450
2112
1550
670
1473
1865
1874
1443
251
1856
1062
2466
203
667
476
495
2381
1458
1898
389
1903
2429
1831
2528
2434
2535
2251
2146
2427
739
75
1977
2344
2098
2442
1962
2368
1886
2019
2118
2478
2500
525
1735
1531
2049
2294
1708
1248
351
652
803
2217
489
1380
2402
1634
2045
266
1870
1661
630
2465
1129
55
1808
2191
2483
2299
2481
1031
1485
1172
356
2520
2429
2465
2461
2412
619
2358
2307
1360
271
1920
2389
1015
1871
2306
1474
2492
1832
626
1867
1097
2196
1309
2422
1283
2462
1754
2399
297
243
1753
1437
337
1074
2507
2323
1827
2516
2487
2411
2269
2141
2195
1198
39
972
1698
879
1771
2028
2195
1850
1000
2532
2352
2452
2233
1652
275
2171
1834
1968
2123
1842
1122
1011
1564
2196
613
2361
77
2448
2496
1486
191
2443
2105
1301
2372
1890
1626
2474
2508
2367
2356
2361
807
2173
2185
1303
2454
2288
2508
818
1718
2131
2461
2333
1816
196
2428
2382
1826
1128
2362
1722
445
835
655
1364
63
2240
2482
1877
2436
1535
2275
138
1350
594
1759
166
1953
951
539
2266
1873
2116
2161
2550
1612
95
2359
2341
2427
2320
2538
1227
1379
2558
1063
427
127
1603
2431
1456
1159
2117
1395
1221
11
859
1473
2456
2542
544
2437
2550
734
2185
770
2307
2537
2081
2441
1543
2560
2402
797
2487
3
351
1853
2528
2159
1059
1084
1040
1669
212
2183
2567
1174
2293
1312
1291
972
2060
1151
913
487
1115
1144
1277
1626
2042
1286
224
651
788
965
498
120
2231
1781
2496
345
2295
1848
2410
1164
2529
2500
817
2436
944
1783
1785
2495
1677
2400
2459
1112
1490
1135
2293
2423
2132
298
40
2496
1086
1958
1868
1324
2326
2232
2457
1695
1662
1266
2131
2310
1364
1303
1588
1658
99
1204
580
899
2499
1066
2299
645
2276
701
2281
1705
1895
1319
704
2306
141
291
2043
66
945
1899
1675
1135
2174
2267
1843
2452
2573
2037
1506
185
1398
2450
2458
2338
77
1540
1508
2374
940
970
1973
900
855
1061
2261
2391
2459
2365
1957
358
649
2079
421
2450
469
2416
1222
2408
1992
720
575
2511
910
1777
2192
1777
2424
905
2404
2030
2250
889
1031
2295
1770
1734
1190
2109
633
1369
2356
680
1710
967
1750
1000
2386
2198
2220
1725
2262
1780
1998
2008
2503
1362
2544
2434
785
2448
2445
490
1052
1105
2455
1954
2280
873
153
2303
166
946
2356
313
2275
2406
1365
2426
2360
1887
1444
361
2384
1245
531
1096
765
2166
2408
2354
1660
1553
1888
2435
1647
2231
2552
1827
2241
864
2538
1142
989
1555
2558
2270
1714
1981
2418
1209
2497
2044
257
58
1536
2545
2480
2523
1821
571
1499
2416
2029
2411
1865
2192
1103
1501
1957
1435
562
2551
1953
1410
1141
958
2323
1157
2236
382
1718
2462
1994
1655
2485
1222
2412
1680
1675
1350
1724
2568
1838
98
8
1989
2456
2481
183
2106
1481
14
2524
1704
711
218
1135
2430
203
1171
1271
1911
2188
2035
2457
352
309
2454
1842
1582
1546
1837
2381
2217
1635
236
1829
2382
1279
1801
1201
1872
616
2522
2315
2420
2295
774
2473
2495
2468
2379
1907
1472
2501
2189
2014
177
2387
2465
807
248
2397
2244
2542
2037
1898
1385
2071
59
2315
396
1938
2391
866
2217
2474
2314
2422
830
2410
1457
372
237
1819
892
2389
2515
2298
2377
2522
1259
2441
1764
887
916
768
2022
1727
1008
2513
2098
2293
2474
1962
2415
2481
2327
2420
2236
1829
2293
985
2496
1884
2265
2359
211
2405
2085
1065
1187
1569
882
2381
931
2467
2320
2450
2461
2534
2463
2297
2481
398
1930
2100
2488
1652
874
2464
2351
1639
2507
1002
2488
2505
334
2117
2385
2127
936
2398
313
2073
2533
737
2367
2511
347
379
375
697
825
2197
753
966
2097
1210
551
2453
253
2411
2417
2355
310
1653
2424
2209
2393
172
2297
2430
2495
783
2299
2468
2535
1138
1642
2474
2098
2472
2334
1255
2075
2071
718
2541
806
80
407
2379
1220
2534
2472
1319
1852
603
2477
1804
2427
706
2201
2415
2468
2335
2237
1880
2493
1819
2045
1022
73
2371
1859
2316
551
2345
262
2269
2504
1565
2377
1313
2009
2227
2112
2483
769
472
349
1226
1195
2451
1112
2514
2469
2484
385
2051
2526
459
1003
1928
1592
1024
2120
2334
2398
630
203
1002
1783
2114
339
1012
2432
1791
2314
1963
854
558
913
2171
550
1450
1788
458
1516
2153
2075
2530
2509
1666
729
2376
452
1750
2440
2248
97
682
2447
2364
1520
2294
2114
2039
2189
564
2525
2555
1340
1190
2077
1179
1914
1356
1418
2458
1503
1825
1826
2030
1914
192
1805
2273
902
2136
626
1999
2072
1739
1969
2437
2141
1966
1816
1813
2108
2456
1442
332
2453
1188
686
1622
1775
1973
1526
2040
2496
1852
2389
1984
2134
1757
1141
2401
1585
2456
2034
1990
894
573
2305
2556
2379
2444
1881
2492
802
2476
1108
1649
2316
1729
2238
76
1809
2424
2470
1531
1562
1243
2109
2108
2549
2270
491
1947
2546
1208
653
767
1855
939
560
2301
2018
2153
2045
1190
800
2186
1227
1169
222
1732
2499
2530
204
769
1175
2162
2167
1157
2006
2134
2375
2473
381
2265
2118
2211
2518
2450
1787
2469
889
414
1872
2351
847
2236
2135
1211
1768
2148
970
1927
2209
2164
1234
2459
825
211
879
1416
593
1794
1597
2093
181
2481
1365
678
2423
1882
1612
2421
1898
690
2066
408
2326
2456
2367
2269
2497
2377
1617
217
777
1657
2552
2530
84
1440
803
535
1842
131
554
876
231
1340
2485
985
1707
2327
735
2242
2150
187
1571
267
1079
2490
2252
2429
673
1940
1456
1553
1650
1861
811
2250
1839
2515
1465
2381
2566
1715
2113
751
999
1967
2388
2424
1486
2387
2257
2237
2476
2351
1799
2434
1525
1201
1436
1017
806
1233
1975
1380
879
1666
2282
2453
2490
2440
2435
2497
1636
2459
2404
1848
2024
661
128
1771
1577
1630
365
2395
2168
398
1159
2041
2141
2529
1457
2256
1942
268
2187
117
599
2002
1389
1954
821
2459
1791
295
2336
2081
660
2372
1365
2231
2133
2030
2074
1251
2448
2460
2457
809
1767
2459
1770
2206
1101
1053
10
800
2235
142
378
2237
1477
1536
1403
602
1730
1589
1432
1580
1693
2422
2349
1483
513
1189
1272
2115
1539
861
201
2181
2335
1476
317
1037
1102
947
30
2324
2508
1310
938
2380
2372
2473
1906
738
78
2524
1405
1609
1329
1167
2127
2380
1673
95
2060
641
1065
616
585
2370
1925
1720
678
1874
1959
2457
1145
2095
2448
2425
2262
2456
2332
2469
2495
1443
341
2494
564
2481
2509
1376
1941
748
280
548
2035
2456
807
987
1962
1453
1526
1392
1934
1104
2301
866
2521
2490
1759
1570
2550
2439
1625
2133
2176
1089
2308
840
1759
2401
1412
2311
2513
1081
1607
2267
796
2466
2167
1081
1535
1606
1653
2082
1087
1989
2012
2266
2483
1263
2194
2524
2378
2112
2550
2236
2317
1046
2315
2464
926
1308
1473
2417
1799
2348
724
192
610
210
2528
1057
2099
2428
1847
477
2355
1857
2355
1786
2373
971
691
2506
2198
2111
2243
1227
2170
1284
100
2253
2105
1965
1968
1376
378
2383
2153
60
995
2438
1678
1165
2453
1530
1801
419
1377
1922
2371
2238
1738
1803
623
1562
2097
2537
1427
1831
2006
1817
2483
521
2210
1553
1551
2469
1137
879
999
1238
724
1319
542
818
2484
2084
1024
1891
1535
2200
1333
1301
2432
2457
2455
2471
2486
2520
827
2541
1645
65
461
667
2505
1977
2230
2066
871
1358
2073
1373
1620
39
1712
2066
2323
2434
1736
1486
1256
2457
573
2263
2370
1675
1395
807
616
433
1184
1857
2063
593
2354
1060
1094
2106
2406
1540
2101
2069
1250
1957
865
2225
2325
1474
1818
424
2408
121
1374
1009
2406
1626
1673
2478
1835
1805
1754
2151
2323
2540
1607
2115
471
2226
194
1139
1828
2146
1136
2535
2323
1568
1889
2494
2198
2451
37
35
1976
2339
864
2421
60
2297
2498
1223
1832
2326
2414
1257
2460
1023
2164
1389
2282
2240
841
1226
1150
1512
1519
303
2313
2408
1790
2555
693
916
2063
1897
1379
2013
595
2203
372
408
2371
975
1800
1530
365
2428
1824
2178
689
651
1351
1841
2450
2203
2306
2270
2420
34
2395
1882
2571
844
1549
2006
1352
1847
2154
2455
2111
1847
2415
2468
842
2102
2192
2542
1010
1280
2544
2399
1814
2260
1982
2392
1180
2236
2204
1519
2017
1111
959
1878
2134
2013
771
1669
1653
302
226
1012
2508
2371
2207
2548
2186
2528
453
1835
1474
1550
1033
2370
2439
1927
632
2303
593
420
2414
2517
2038
15
53
1550
606
496
1814
569
2204
1851
2404
2442
1401
2453
250
2552
2448
2281
2195
270
1439
2048
8
1842
2409
2461
438
1403
1762
767
2423
2142
2125
254
1349
2230
484
341
2442
1294
1374
2466
1839
1533
171
2501
1671
2524
966
2379
1606
2439
2452
2446
2545
1918
1252
97
313
2554
1396
625
924
703
610
1098
240
585
1089
1749
2379
807
940
1834
2533
2181
2451
2279
2140
2114
2346
1410
1468
1477
1027
2265
1868
2457
360
346
1830
1850
1342
759
2539
950
2418
2276
1019
2196
939
2393
2496
2293
2440
2218
2406
1944
1708
127
2317
696
2378
2122
556
1573
2493
2358
1953
2438
1246
742
1242
1920
637
2487
1017
1413
2207
2558
2147
2459
2507
2160
29
2550
1878
2315
2487
753
2483
1687
30
2407
1114
2491
1732
988
2506
2375
1749
952
2469
2182
590
2493
884
1897
418
561
136
2491
1114
2392
2445
2497
2584
2508
1489
2514
2470
2410
2139
2517
929
644
2555
1345
1883
2485
2543
1608
377
1191
2089
2540
2492
1333
1916
718
2489
2429
1338
2366
1808
2431
594
873
2173
444
188
2346
2372
2444
2563
2448
2036
2542
2058
625
255
980
2272
1719
2301
2189
668
2492
1207
221
675
978
204
2196
978
645
1227
686
2300
1427
1200
1553
2078
1914
1892
1491
2506
1393
1965
782
53
2293
1774
734
2282
2513
2392
652
102
695
2426
1228
2394
78
1540
1387
831
2501
1502
2285
672
907
1970
1575
2546
315
853
353
2479
815
2219
2193
535
1189
1577
1653
2318
677
763
1877
2473
2366
2321
607
1163
1871
177
2003
1231
2290
2531
2063
2443
2115
2422
994
1194
1744
2442
313
2130
1697
2292
2532
899
2032
1456
631
1978
1559
2452
1646
2472
2208
2301
1472
2483
2500
2079
1681
1569
2141
95
146
1472
437
2024
2201
2365
345
2483
2473
1455
950
654
1019
2532
2280
1402
860
2442
1042
1690
337
3
2338
2381
2442
288
1242
1519
2134
1312
2359
2276
2462
2183
2075
2397
1269
2412
2325
745
1612
2453
2082
467
2401
1190
2285
2559
2218
2341
179
1325
2472
2093
656
2319
1161
1888
385
2542
877
2497
2281
1363
2450
1288
1429
1100
1209
2295
1658
340
795
2328
1267
2362
782
1937
2440
1530
2544
2099
1186
1893
2095
252
236
2493
1442
2399
2447
2395
2445
2404
1543
2490
2395
1645
2498
2291
1066
1736
1951
1680
2187
1779
1826
2041
2391
1809
1980
2463
2476
1497
1838
1090
2015
255
1684
2186
1860
2466
378
2370
2192
2338
2441
1851
1747
2442
1130
2250
1191
1053
1955
2357
431
2157
809
265
1469
662
2544
827
2231
2179
2423
100
1203
2229
206
2432
1149
2518
2164
1230
2483
586
2072
2088
1627
1195
1866
1325
1474
25
2192
699
1526
1789
2517
621
65
2342
2267
2161
1100
2514
2023
2532
2522
2451
2063
999
1680
1073
409
2129
2439
1540
2375
2336
989
434
2386
947
74
2057
642
1813
2371
2503
1129
2507
2451
556
2460
2378
1729
1423
58
83
1760
866
2388
835
1647
1486
1065
2062
469
860
1599
1566
2494
1385
1196
2489
1262
1206
2498
794
1905
1211
1931
2479
2039
1338
210
2253
1278
2459
1870
2009
2189
1698
1362
2218
670
2450
745
2477
2270
1210
1873
2397
1890
882
2421
2408
1321
608
694
2358
413
2311
528
1777
287
2521
2486
2157
2328
208
893
1253
2559
2123
1708
2507
682
1409
1901
422
545
835
26
827
2259
2419
2224
2348
2069
2332
1574
1400
2187
1388
2003
2551
649
1831
682
552
1855
2410
1448
131
1437
225
2554
849
1362
969
2323
1920
2004
2305
977
2439
1617
2107
1601
2026
2151
884
1675
2503
2552
1400
1611
1839
49
2328
2203
2492
983
508
2434
2430
2154
2538
790
2131
1673
753
458
754
1626
1661
2433
178
2263
2305
2298
259
1836
1998
1798
1085
1921
364
2022
2354
1319
1053
2509
1691
1571
893
2438
2016
1705
2152
2165
1629
2305
141
2531
1128
2502
2324
1439
2480
149
534
1364
2176
2493
2373
1639
2301
2046
1291
2407
1632
947
975
2487
9
1408
2444
1208
2429
1989
219
2247
2123
2469
362
2257
2110
2451
2304
2006
1987
917
2300
2230
508
1509
2032
239
363
489
1636
1881
2111
2367
1421
1815
2454
1360
486
2520
230
2273
2368
707
2223
1803
1487
2318
2488
803
875
1955
2424
2378
2414
576
257
2057
1302
2238
2487
2376
2452
1589
2486
1434
1744
2377
1380
1658
2540
1107
2117
2179
1043
260
2497
1001
2500
1427
2346
2423
1958
1110
261
552
2046
2375
2446
1637
2354
1959
2323
484
1929
625
2512
1378
995
1305
2301
1480
1405
2398
2455
2400
779
923
690
2532
1948
2508
1391
1376
2344
835
2569
1825
2239
2219
1683
81
395
476
2234
443
1806
1840
1296
2280
1765
2495
1868
1661
2504
1673
1036
2387
665
2146
1449
1144
1184
1032
2071
2463
1392
1655
1623
2025
2329
2217
320
2256
2095
1509
2439
2263
618
1547
1939
1520
4
1728
2465
2031
2467
2437
1489
2546
2528
2244
2291
2405
1573
686
2133
764
2022
2391
2321
2274
1920
2204
456
1941
1118
2514
193
1154
1955
102
2399
95
430
527
2504
1996
2495
2555
2100
235
1604
2177
349
937
1061
1471
394
1908
1811
416
2485
1435
2370
4
2517
2217
531
1964
2332
2436
2115
2206
2545
679
2086
1545
2434
35
275
1798
1345
2320
385
2398
1299
1622
1178
2361
2110
250
1582
1734
1938
1856
2418
2453
2459
543
2313
2466
2304
2448
2244
230
1691
2026
26
2459
1926
1613
793
1737
1043
2453
1511
1127
1615
2415
178
1119
1623
1690
2488
2535
489
2465
2013
2138
1504
777
2138
1353
2292
650
2124
1212
68
2450
294
2021
846
2384
1858
777
2387
61
596
1935
705
1107
1375
2365
2533
2093
1713
2355
462
1449
420
349
1485
1046
2473
388
1963
1555
1121
1267
2314
2425
2260
2117
2390
1593
668
1707
1996
1046
1318
1107
1235
2476
1579
2171
2496
1607
1729
1261
1574
1123
1462
2304
1670
2494
165
889
1920
2556
2117
2551
250
1256
2537
293
2213
1171
532
1644
2366
740
832
2266
1479
1903
692
722
2564
820
940
2326
2340
2492
1015
2424
1615
2497
2381
2098
2494
2428
2487
2088
2474
2468
2444
1715
2155
2045
523
2189
127
2482
1825
1131
588
490
1894
2314
1367
2316
1725
2441
2546
2195
195
1710
2458
1944
2368
1940
2235
2313
174
1847
816
418
1388
362
901
2472
26
229
727
2494
2538
1757
1269
1983
793
2526
1935
1583
143
2230
2537
2441
2521
1969
2129
1639
1829
1867
1250
1166
2447
1960
2212
703
2436
1342
1334
447
1927
2423
1748
591
1957
1040
2191
869
2460
1082
1832
216
1083
2412
1906
396
118
1974
1905
1044
2547
2493
2464
2293
393
2255
1749
2470
990
1243
1089
235
691
2485
1909
748
2415
2458
564
2339
2179
614
2300
626
2316
2347
2331
1199
2297
10
139
2190
1616
1114
2407
1874
632
2512
2386
1477
523
2070
75
2371
2478
80
2308
2455
2283
1293
2474
1696
1488
2427
575
720
1965
2051
1557
99
786
2543
1199
1037
2563
775
1372
2439
2043
2345
2049
1737
2372
2531
1233
1458
1823
2374
1387
2220
2574
2532
2176
1758
2446
1797
677
2445
1471
1527
1139
2168
2461
1420
1576
2398
613
747
1304
1618
595
24
2106
2362
1481
908
1902
491
1335
2276
448
1369
2219
2362
2438
158
2546
2136
2493
1985
1465
319
1145
2359
1068
710
1601
2440
2129
1373
1218
810
69
1902
1680
1974
2321
2192
2492
956
2342
1411
1964
1206
2547
403
2540
846
2521
1968
2441
456
964
274
2535
2102
2452
2427
71
966
701
2313
2055
2433
2484
441
867
2440
370
538
2481
1406
2566
2045
2457
2181
2550
1890
921
1607
589
2455
2448
2480
2534
1971
484
1618
495
683
2414
2531
1121
527
497
1214
568
2388
21
1141
1375
1357
512
2341
2493
1295
2095
2331
2140
965
2452
1002
2263
2450
2380
2451
1523
2324
1675
785
2390
2168
907
2321
2438
1657
520
2080
1874
1067
2008
409
2475
1898
1484
2510
977
1129
1106
1459
2381
1407
1486
2230
1086
2523
525
2224
2500
6
2382
373
2033
958
303
591
1893
1827
1647
2472
1716
524
981
1379
2008
389
192
2401
2088
615
192
1815
2077
2225
2561
2438
1936
2349
2334
2221
301
1728
2427
2527
1193
1426
2490
2518
2424
2278
2291
2528
2436
459
2442
2198
2455
271
826
1415
1668
1649
2450
2505
834
802
1904
1511
1290
2180
2476
1401
2389
910
1599
298
232
2121
2206
2418
1340
2224
2024
2470
2500
2455
149
2463
2476
2363
2075
1779
460
1921
429
37
1751
422
1371
866
1259
2465
885
2191
1992
1096
2455
1759
1827
2472
2401
1956
1007
1628
2428
478
2408
2026
1434
2320
1649
2422
2117
2134
1468
1645
1179
1467
2102
2307
160
1985
2187
1883
2126
2376
2459
1742
2389
193
23
205
519
1178
782
1563
2460
2367
2469
1179
1581
180
2253
1845
2334
2354
2440
2343
596
750
463
957
662
2505
1289
2280
1972
2103
2267
2166
2487
1874
1236
249
2344
525
2511
2574
1168
2299
2423
2485
115
2377
12
2051
1190
1303
2385
2198
307
899
2468
2284
2555
730
2410
1951
384
2329
447
815
303
2320
518
503
2288
2405
1475
2497
1368
1342
2413
1780
2240
1711
2491
1415
1734
2131
2007
2462
1939
2261
2011
2277
2465
2158
2429
2449
1908
721
2389
1624
1640
13
1563
2316
2326
1727
1638
1706
2276
1761
2273
2377
961
2183
834
1212
2532
216
2270
2280
2387
165
543
2236
936
443
1887
656
213
2058
1083
719
507
2440
1227
1635
2400
2252
855
1732
2157
905
402
1710
2535
2403
2537
588
43
1266
975
1785
1424
2141
590
2038
2381
1049
2240
347
883
2100
1916
2461
2455
38
2553
2259
752
33
60
1926
1910
2168
1457
1229
338
2282
803
526
1167
716
2507
2541
2197
2114
840
1659
2000
1789
1110
2005
2394
2329
2455
386
2290
2524
1565
2157
2149
2550
64
1358
2579
1656
2451
1532
1614
2413
131
2446
199
2326
2355
2246
1683
1436
2219
507
1876
2526
1169
655
1342
682
1008
1348
2376
1251
2455
1342
2355
1857
1427
2436
2359
22
762
1383
2513
2437
1522
833
376
2502
1035
590
1872
1322
776
2260
2019
709
2346
1871
2490
2051
2289
2467
2248
267
2225
1097
2373
2471
2485
1866
228
1942
1304
882
2398
1820
2471
1908
134
436
2184
2138
2305
1191
723
1563
2480
2165
1399
1277
289
2189
2149
2491
2468
420
2029
2557
2431
1250
2266
1068
2309
2422
175
664
2480
1228
2539
254
1750
1515
2413
1648
1214
2331
2306
2447
1547
1284
704
723
1409
1893
479
2165
2244
2079
2164
1213
2387
2126
2393
1140
2497
741
2425
481
2502
414
2448
1588
1804
436
1644
1577
2541
2172
2002
1845
587
1936
2401
1978
1503
2063
1129
1168
1848
1190
2530
2077
1810
2440
2441
2445
2453
1556
2377
1217
492
2306
836
2335
1735
2139
2242
2080
2398
144
1630
2068
2296
2234
2431
1806
2445
1195
2150
1887
2513
1517
2547
1467
1664
1657
686
1442
1281
1717
1541
2468
635
1402
2245
2059
1798
1733
2555
2170
2273
135
1627
2113
1362
761
2442
1776
2117
2357
2242
1214
2376
611
1938
198
1581
2229
83
2361
2326
342
1502
1969
474
452
2307
733
647
2314
1892
2298
828
2485
13
2291
1989
2487
612
958
2400
1707
2203
2544
679
1540
269
2271
2102
969
16
929
297
1706
2028
1748
2050
338
2551
1994
623
1569
1845
2333
1241
788
586
1739
776
1514
439
1176
962
1627
2465
1768
2253
1243
410
2300
2454
2049
2486
419
826
1917
1311
2451
2321
1607
576
1021
1657
2212
2290
2478
1952
1316
312
270
1166
2445
2527
2159
2084
719
1588
2446
824
2458
1107
331
2362
1459
2267
2534
1561
40
863
1350
2301
1021
938
671
2212
2322
1036
2448
1926
2130
2323
875
2469
312
1901
26
2222
2212
2332
1796
2480
2396
2512
2456
2472
1800
2208
1707
1275
1615
890
2231
2275
214
2346
947
870
1777
2322
1433
15
2457
1847
961
2294
2370
608
1668
743
1864
2089
593
734
617
718
2073
1604
1589
2358
2241
814
1171
1846
2149
2434
1753
981
2036
570
2383
2474
1575
2507
1906
1935
2157
2493
2271
1916
1821
893
1950
1726
2338
2135
2418
1411
665
882
2559
2116
2371
1803
1324
2435
2431
2414
2325
2073
2408
630
2501
2113
2527
1570
1886
1911
2349
2383
2210
2380
1775
1958
1989
2240
52
1569
1325
319
264
2114
652
525
2251
2244
960
2309
2038
2394
1560
296
1181
248
2188
2275
2145
482
121
2508
2490
2430
2501
2519
1617
1569
857
741
1534
289
2386
2482
1676
2215
1924
1714
209
1465
1599
537
926
14
431
1552
1548
744
2491
815
767
1239
1703
821
2477
1811
2320
2483
