1512
1435
1386
1386
1491
1194
1194
1316
1393
1196
1344
1363
1375
1375
1293
1293
1293
1358
1358
1286
1279
1252
1258
1258
1258
1331
1331
1331
1325
1325
1236
1236
1236
1236
1236
1256
1256
1242
1242
1242
1242
1256
1217
1212
1212
1212
1212
1212
1229
1227
1227
1267
1267
1267
1308
1308
1343
1296
1296
1257
1310
1310
1319
1319
1258
1258
1258
1258
1258
1258
1258
1291
1309
1293
1284
1284
1284
1284
1292
1292
1292
1292
1292
1292
1292
1292
1292
1281
1281
1281
1281
1219
1219
1219
1219
1219
1219
1256
1256
1256
1256
1265
1265
1264
1253
1253
1253
1251
1251
1251
1254
1254
1236
1250
1250
1250
1247
1247
1328
1328
1328
1328
1319
1319
1319
1319
1319
1304
1298
1298
1245
1245
1271
1305
1305
1287
1287
1287
1313
1292
1292
1271
1271
1294
1294
1294
1262
1262
1284
1293
1293
1300
1304
1321
1321
1321
1303
1276
1276
1276
1276
1259
1259
1279
1237
1240
1240
1284
1285
1213
1261
1232
1232
1255
1255
1263
1263
1263
1263
1263
1273
1273
1273
1279
1279
1279
1209
1209
1209
1209
1234
1212
1223
1223
1230
1230
1219
1254
1274
1302
1293
1293
1293
1293
1291
1291
1291
1291
1291
1231
1268
1268
1268
1266
1200
1200
1245
1243
1243
1243
1243
1243
1243
1233
1233
1233
1233
1268
1268
1268
1240
1254
1254
1249
1243
1253
1253
1253
1278
1295
1215
1215
1215
1244
1244
1244
1244
1244
1229
1284
1281
1281
1308
1308
1308
1308
1308
1308
1308
1308
1264
1264
1264
1211
1211
1229
1252
1252
1252
1252
1252
1270
1265
1244
1244
1244
1244
1244
1244
1244
1212
1212
1212
1212
1212
1212
1212
1212
1292
1292
1276
1273
1269
1220
1220
1229
1229
1228
1228
1228
1228
1222
1233
1225
1226
1283
1277
1270
1270
1270
1270
1272
1272
1265
1265
1265
1265
1265
1265
1265
1224
1240
1240
1240
1277
1239
1239
1245
1227
1265
1252
1252
1252
1252
1279
1246
1246
1251
1269
1269
1269
1224
1224
1258
1258
1258
1241
1258
1258
1243
1243
1233
1233
1233
1235
1235
1240
1227
1230
1230
1230
1255
1255
1255
1240
1240
1223
1211
1211
1213
1213
1232
1235
1207
1207
1207
1207
1221
1221
1206
1206
1216
1231
1226
1226
1226
1212
1212
1212
1209
1209
1209
1209
1209
1219
1219
1219
1219
1219
1201
1201
1201
1201
1194
1194
1249
1259
1259
1259
1259
1259
1286
1286
1286
1207
1207
1207
1249
1249
1249
1242
1242
1242
1242
1227
1214
1229
1229
1235
1247
1235
1235
1235
1237
1237
1237
1254
1254
1213
1213
1213
1224
1222
1222
1219
1224
1224
1215
1215
1201
1201
1201
1201
1187
1187
1212
1212
1212
1193
1193
1193
1220
1220
1220
1220
1220
1220
1220
1244
1244
1244
1221
1237
1237
1252
1252
1248
1229
1226
1238
1238
1238
1238
1238
1238
1238
1236
1236
1236
1201
1231
1231
1231
1231
1196
1195
1213
1223
1226
1210
1222
1238
1222
1222
1222
1222
1224
1224
1223
1223
1224
1224
1217
1213
1198
1198
1198
1195
1207
1207
1207
1225
1225
1204
1217
1196
1230
1230
1230
1205
1225
1225
1267
1259
1259
1259
1258
1258
1258
1235
1239
1217
1217
1220
1220
1220
1220
1202
1199
1199
1199
1199
1189
1212
1212
1212
1212
1210
1228
1228
1228
1255
1255
1255
1204
1223
1223
1236
1249
1249
1249
1249
1244
1239
1246
1246
1246
1246
1246
1217
1204
1204
1204
1204
1204
1229
1212
1212
1212
1231
1231
1216
1216
1216
1211
1189
1189
1189
1189
1189
1189
1189
1189
1189
1214
1214
1196
1196
1208
1208
1208
1208
1208
1208
1208
1208
1208
1206
1206
1195
1202
1202
1206
1206
1204
1204
1211
1211
1245
1245
1237
1237
1237
1251
1251
1216
1216
1252
1211
1211
1211
1211
1211
1211
1211
1211
1203
1203
1203
1203
1203
1202
1194
1194
1213
1207
1223
1223
1223
1200
1200
1200
1200
1213
1213
1213
1213
1213
1213
1213
1210
1230
1230
1212
1212
1201
1217
1209
1209
1214
1225
1225
1225
1225
1225
1225
1225
1225
1225
1225
1225
1228
1215
1222
1222
1222
1222
1222
1222
1222
1231
1231
1221
1221
1200
1216
1216
1216
1216
1216
1208
1208
1197
1197
1197
1197
1197
1244
1244
1202
1202
1202
1202
1202
1202
1202
1202
1202
1236
1236
1236
1236
1236
1210
1214
1214
1214
1214
1242
1242
1242
1247
1217
1217
1232
1210
1215
1210
1210
1210
1210
1210
1228
1228
1228
1228
1224
1224
1222
1210
1207
1207
1203
1189
1189
1189
1213
1213
1227
1227
1227
1227
1227
1211
1211
1234
1234
1234
1233
1233
1233
1233
1233
1233
1241
1238
1246
1233
1232
1232
1218
1218
1218
1216
1227
1220
1220
1223
1223
1223
1223
1250
1250
1250
1212
1212
1212
1212
1212
1226
1226
1226
1224
1228
1240
1240
1240
1240
1240
1217
1231
1240
1264
1226
1226
1226
1226
1226
1259
1259
1234
1234
1234
1234
1244
1244
1244
1244
1244
1251
1270
1270
1270
1261
1261
1261
1256
1256
1256
1256
1256
1253
1253
1220
1214
1214
1214
1242
1243
1243
1229
1229
1229
1198
1216
1216
1216
1216
1218
1218
1218
1205
1198
1212
1197
1197
1197
1216
1238
1189
1198
1198
1255
1232
1232
1232
1216
1216
1216
1216
1216
1216
1216
1216
1216
1216
1201
1201
1245
1245
1235
1212
1222
1222
1229
1229
1209
1225
1225
1225
1225
1225
1217
1217
1220
1225
1225
1225
1230
1216
1216
1216
1216
1216
1199
1199
1213
1213
1213
1202
1202
1202
1217
1217
1217
1231
1231
1218
1218
1206
1206
1206
1206
1206
1206
1236
1206
1206
1206
1206
1248
1248
1248
1248
1244
1244
1244
1250
1250
1250
1250
1257
1257
1257
1257
1257
1257
1257
1225
1225
1229
1257
1257
1252
1241
1248
1248
1248
1248
1248
1248
1248
1246
1246
1248
1254
1254
1254
1254
1225
1225
1221
1214
1214
1214
1214
1226
1221
1218
1218
1218
1225
1225
1207
1207
1212
1207
1242
1242
1212
1212
1212
1212
1207
1207
1207
1207
1207
1206
1206
1206
1206
1206
1206
1206
1206
1206
1206
1206
1206
1206
1206
1213
1224
1224
1235
1229
1229
1229
1239
1239
1239
1217
1217
1217
1214
1214
1207
1195
1215
1215
1215
1213
1213
1213
1213
1213
1213
1221
1205
1224
1217
1217
1215
1215
1215
1215
1222
1222
1237
1233
1233
1233
1220
1240
1240
1229
1229
1223
1223
1223
1223
1223
1222
1222
1238
1238
1237
1237
1237
1237
1237
1237
1212
1216
1216
1216
1216
1229
1218
1218
1199
1199
1199
1199
1199
1199
1199
1199
1223
1202
1229
1224
1224
1224
1224
1224
1224
1224
1224
1231
1205
1247
1241
1252
1252
1238
1249
1249
1249
1249
1249
1249
1249
1249
1248
1246
1232
1232
1234
1225
1225
1226
1225
1225
1214
1199
1200
1200
1217
1205
1215
1215
1215
1215
1215
1215
1215
1215
1215
1216
1224
1215
1215
1215
1215
1215
1203
1203
1203
1203
1203
1238
1238
1220
1220
1220
1213
1226
1226
1226
1229
1221
1213
1236
1236
1236
1227
1227
1212
1197
1204
1254
1254
1254
1252
1233
1233
1233
1253
1240
1202
1251
1226
1230
1245
1250
1263
1265
1265
1265
1258
1259
1259
1264
1249
1249
1245
1245
1236
1236
1236
1236
1248
1248
1216
1223
1234
1210
1242
1229
1229
1205
1204
1204
1190
1190
1213
1204
1204
1204
1204
1204
1204
1194
1194
1204
1204
1204
1210
1210
1210
1210
1210
1215
1215
1215
1215
1215
1212
1212
1217
1217
1247
1247
1247
1247
1215
1215
1215
1239
1239
1209
1189
1189
1189
1196
1215
1215
1246
1224
1224
1206
1215
1217
1230
1230
1230
1230
1230
1203
1223
1234
1223
1223
1219
1221
1221
1226
1226
1226
1226
1252
1252
1252
1258
1212
1212
1238
1238
1238
1242
1242
1242
1242
1231
1249
1249
1249
1249
1226
1228
1242
1242
1200
1200
1200
1193
1193
1208
1208
1208
1208
1226
1226
1216
1226
1201
1201
1201
1201
1201
1228
1228
1196
1274
1274
1224
1224
1224
1224
1224
1226
1226
1209
1209
1209
1209
1223
1223
1223
1257
1257
1222
1222
1222
1238
1235
1235
1211
1218
1218
1220
1223
1224
1223
1223
1205
1205
1204
1199
1199
1199
1199
1199
1202
1206
1215
1215
1260
1260
1260
1253
1248
1248
1242
1242
1236
1236
1241
1242
1242
1242
1242
1242
1242
1260
1241
