    1     1 00000001 00000001
    1     2 00000001 00000010
    2     4 00000010 00000100
    1     5 00000001 00000101
    2     7 00000010 00000111
    2     9 00000010 00001001
    3    12 00000011 00001100
    1    13 00000001 00001101
    2    15 00000010 00001111
    2    17 00000010 00010001
    3    20 00000011 00010100
    2    22 00000010 00010110
    3    25 00000011 00011001
    3    28 00000011 00011100
    4    32 00000100 00100000
    1    33 00000001 00100001
    2    35 00000010 00100011
    2    37 00000010 00100101
    3    40 00000011 00101000
    2    42 00000010 00101010
    3    45 00000011 00101101
    3    48 00000011 00110000
    4    52 00000100 00110100
    2    54 00000010 00110110
    3    57 00000011 00111001
    3    60 00000011 00111100
    4    64 00000100 01000000
    3    67 00000011 01000011
    4    71 00000100 01000111
    4    75 00000100 01001011
    5    80 00000101 01010000
    1    81 00000001 01010001
    2    83 00000010 01010011
    2    85 00000010 01010101
    3    88 00000011 01011000
    2    90 00000010 01011010
    3    93 00000011 01011101
    3    96 00000011 01100000
    4   100 00000100 01100100
    2   102 00000010 01100110
    3   105 00000011 01101001
    3   108 00000011 01101100
    4   112 00000100 01110000
    3   115 00000011 01110011
    4   119 00000100 01110111
    4   123 00000100 01111011
    5   128 00000101 10000000
    2   130 00000010 10000010
    3   133 00000011 10000101
    3   136 00000011 10001000
    4   140 00000100 10001100
    3   143 00000011 10001111
    4   147 00000100 10010011
    4   151 00000100 10010111
    5   156 00000101 10011100
    3   159 00000011 10011111
    4   163 00000100 10100011
    4   167 00000100 10100111
    5   172 00000101 10101100
    4   176 00000100 10110000
    5   181 00000101 10110101
    5   186 00000101 10111010
    6   192 00000110 11000000
    1   193 00000001 11000001
    2   195 00000010 11000011
    2   197 00000010 11000101
    3   200 00000011 11001000
    2   202 00000010 11001010
    3   205 00000011 11001101
    3   208 00000011 11010000
    4   212 00000100 11010100
    2   214 00000010 11010110
    3   217 00000011 11011001
    3   220 00000011 11011100
    4   224 00000100 11100000
    3   227 00000011 11100011
    4   231 00000100 11100111
    4   235 00000100 11101011
    5   240 00000101 11110000
    2   242 00000010 11110010
    3   245 00000011 11110101
    3   248 00000011 11111000
    4   252 00000100 11111100
    3   255 00000011 11111111
    4   259 00000100 00000011
    4   263 00000100 00000111
    5   268 00000101 00001100
    3   271 00000011 00001111
    4   275 00000100 00010011
    4   279 00000100 00010111
    5   284 00000101 00011100
    4   288 00000100 00100000
    5   293 00000101 00100101
    5   298 00000101 00101010
    6   304 00000110 00110000
    2   306 00000010 00110010
    3   309 00000011 00110101
    3   312 00000011 00111000
    4   316 00000100 00111100
    3   319 00000011 00111111
319
