    1     1 00000001 00000001
    1     2 00000001 00000010
    2     4 00000010 00000100
    1     5 00000001 00000101
    2     7 00000010 00000111
    2     9 00000010 00001001
    3    12 00000011 00001100
    1    13 00000001 00001101
    2    15 00000010 00001111
    2    17 00000010 00010001
    3    20 00000011 00010100
    2    22 00000010 00010110
    3    25 00000011 00011001
    3    28 00000011 00011100
    4    32 00000100 00100000
    0    32 00000000 00100000
    1    33 00000001 00100001
    1    34 00000001 00100010
    2    36 00000010 00100100
    1    37 00000001 00100101
    2    39 00000010 00100111
    2    41 00000010 00101001
    3    44 00000011 00101100
    1    45 00000001 00101101
    2    47 00000010 00101111
    2    49 00000010 00110001
    3    52 00000011 00110100
    2    54 00000010 00110110
    3    57 00000011 00111001
    3    60 00000011 00111100
    4    64 00000100 01000000
    0    64 00000000 01000000
    1    65 00000001 01000001
    1    66 00000001 01000010
    2    68 00000010 01000100
    1    69 00000001 01000101
    2    71 00000010 01000111
    2    73 00000010 01001001
    3    76 00000011 01001100
    1    77 00000001 01001101
    2    79 00000010 01001111
    2    81 00000010 01010001
    3    84 00000011 01010100
    2    86 00000010 01010110
    3    89 00000011 01011001
    3    92 00000011 01011100
    4    96 00000100 01100000
    0    96 00000000 01100000
    1    97 00000001 01100001
    1    98 00000001 01100010
    2   100 00000010 01100100
    1   101 00000001 01100101
    2   103 00000010 01100111
    2   105 00000010 01101001
    3   108 00000011 01101100
    1   109 00000001 01101101
    2   111 00000010 01101111
    2   113 00000010 01110001
    3   116 00000011 01110100
    2   118 00000010 01110110
    3   121 00000011 01111001
    3   124 00000011 01111100
    4   128 00000100 10000000
    0   128 00000000 10000000
    1   129 00000001 10000001
    1   130 00000001 10000010
    2   132 00000010 10000100
    1   133 00000001 10000101
    2   135 00000010 10000111
    2   137 00000010 10001001
    3   140 00000011 10001100
    1   141 00000001 10001101
    2   143 00000010 10001111
    2   145 00000010 10010001
    3   148 00000011 10010100
    2   150 00000010 10010110
    3   153 00000011 10011001
    3   156 00000011 10011100
    4   160 00000100 10100000
    0   160 00000000 10100000
    1   161 00000001 10100001
    1   162 00000001 10100010
    2   164 00000010 10100100
    1   165 00000001 10100101
    2   167 00000010 10100111
    2   169 00000010 10101001
    3   172 00000011 10101100
    1   173 00000001 10101101
    2   175 00000010 10101111
    2   177 00000010 10110001
    3   180 00000011 10110100
    2   182 00000010 10110110
    3   185 00000011 10111001
    3   188 00000011 10111100
    4   192 00000100 11000000
    0   192 00000000 11000000
    1   193 00000001 11000001
    1   194 00000001 11000010
    2   196 00000010 11000100
    1   197 00000001 11000101
197
