300 50
5979548 7358193
675948 5837053
9609976 10124122
13006324 13961334
927742 8353086
4647371 21115525
16546139 22755195
13340390 17547168
23217530 28037216
23532957 27784776
29434985 29625039
30737303 30967119
22235299 28736144
31455375 34765546
35466962 39417062
39923733 40944859
25586734 36003807
32186840 43178949
42977569 46012131
42885704 44261095
41569658 47668325
43574132 46515715
47978992 50182574
50973157 51822647
46666008 55109285
54441385 54880771
54655190 58201946
50228429 58519946
57597758 61836449
55700853 63320788
65567710 69624073
67891913 70022457
61713310 70375065
71655484 76550919
75948120 77687959
57250728 62509515
75139583 79759235
77525621 78463005
80797871 83771198
86291072 88418506
79600294 94639958
79777117 89356280
91857728 95683314
86052223 97038208
97410133 97665894
97121594 105108475
96492044 107794851
108693714 112430660
96464454 113715774
107312824 115723299
118567714 119909357
105574497 120753122
100490961 121900723
122698287 124129411
124554150 125376426
116185114 125906254
115255351 126957993
127895971 130369637
128483316 131208346
133036559 135378640
135590397 138610067
135297512 140311640
133714579 139912630
138630265 140655965
140420351 144705743
126031676 142627247
140969840 146945150
146131421 146597721
152347384 154931215
145543084 150587045
150137944 156533064
147807593 159575257
156415045 167981534
158210496 170891630
159394512 176642590
161350777 179145283
164287376 180729149
172765777 180631490
183331765 185596230
179077094 182489041
183739073 189999610
182718486 194402192
186196717 196843257
195323459 202794115
198266090 207970300
189904808 205703582
218831340 219804019
194473199 198626502
222683200 223925777
217567527 230300010
228039826 229304066
229439874 233662420
231647659 242425525
234395767 242566628
231772797 241051262
239832583 250426525
245211621 247719114
246571685 252981294
243516996 255509815
252029864 253102588
252351094 259755992
259600555 260566605
262550432 264809504
263804909 270168189
261706357 276322153
268369238 276523295
253342424 276378941
277781525 279399164
279849663 280042476
275123646 280689074
279642749 284662538
286786382 289690532
284136745 289995939
285979974 295307876
287049319 294321709
265642560 306326644
297888919 306936968
307912184 310370197
307548008 312108951
290314342 311474314
313112653 319913164
316235107 321351730
300766863 328271363
323372487 326581491
343662527 345113247
343673525 347341397
324128407 348292698
346912508 352323369
343641456 354223637
354096672 355508605
365401593 371279414
332487516 362387192
367253071 372406957
364140739 379164452
373005383 382411037
377564584 384297992
384754223 389685066
381675079 391318178
388237651 392610421
392140591 396579106
381417251 398363505
400515704 400938431
401079291 401626140
391630023 404759490
392753969 404839444
398616817 404763715
404485507 409910228
404863430 407939601
405216879 418286986
419025092 425264716
421756176 435958084
444099111 447323435
449279716 450154167
435397071 454323668
406747200 433901082
459461137 460073483
453554453 460934071
462298894 462497006
460848937 467450368
463324685 472129780
462815953 473892716
482147697 485060229
477915222 489070351
468085252 476376861
488785758 493163229
490964844 491009667
509253525 511508000
434437053 504881224
513522991 515080675
511858786 522689228
525064016 526641588
527629215 533520546
533589967 537917059
522035309 537407892
503484557 542501025
524548940 544390277
545944331 553080589
553826920 554529334
544057542 551785065
553126019 557090135
546524944 560739785
556407706 567240828
567247874 569078657
559102944 571048504
571221195 577530211
561504109 577985001
564186224 585532663
588170680 588481168
556721966 586772557
587033126 591841112
591931683 603289952
603304196 604992136
601101328 605139981
590459740 608552496
598504596 611997575
605113525 605808489
617426693 621960854
612963996 623774002
606826113 627997261
617702476 627659054
628978907 629738766
629471838 635007198
625580467 630125934
613531814 638756391
636500286 641530665
632353399 646866811
642540990 652101735
640259095 653116563
647745100 660819200
659860381 664904427
663277901 666552160
667356281 670986516
667177906 673663645
636231133 669209981
673079442 679426582
679896083 680749330
678733624 688467136
686899156 699285411
686333368 691200140
690263509 700186254
691289248 701320190
701975664 706764981
702714454 709432528
711119619 712038381
711632195 715549197
701055381 706582427
714015474 719928707
720029326 725391875
719734843 725874364
722295058 731094531
729665741 732526872
720903471 726764769
733618281 734395602
732296374 744991153
739261257 742585379
736132828 745565234
744696011 753699686
751838030 754281229
748821309 750355763
757990360 763650084
765424557 767301495
759741999 760308108
769880791 770200389
765908963 767757411
760014932 774936794
776120166 777612611
777614594 782718046
772358897 781454482
773326459 783781258
782967949 783047956
787762099 789564534
778176603 791970865
787503045 787992435
798709752 807946130
799074078 809440716
793521926 809957523
804861247 808240759
810178287 811395299
814090088 822784255
821150942 825942693
803879347 819426633
817819845 829368018
830842471 831690442
830132483 833744015
833269906 837620675
837111022 837978715
848368031 850267635
833919556 851491475
833804237 856093882
834715653 859413241
858396984 859986568
858849800 863226517
856462547 860195722
868503609 873997454
862437211 886736176
877575456 886711504
884932885 895457735
897161082 901970607
866984110 903612212
892624757 905059165
904238042 909668125
896598165 918911351
917049108 926115373
930489363 930543841
914348835 934133102
932128549 934485722
942402399 946944208
922163073 947100994
916598885 947844075
945416568 949174966
959575950 965478173
958914651 962560744
936322765 971728919
980561752 981073783
978547521 982870869
974918342 977311877
986470845 998141202
985883499 998312135
982611849 998754819
995972094 998424209
