15
849354036 80908958 178478779 630641812 553832015 293515565 348809112 774119971 27579886 881767214 857866237 302042795 155915785 380475766 
553671138 552788074 927792784 170232614 132988993 973418298 905840213 942873088 658734972 170435055 800315786 264145385 642363493 
439088965 952690912 65048800 856721971 590066367 44164938 507697182 789000706 952673553 955490447 424000443 641399912 
217842197 504043047 809953731 973688917 889843456 147676826 659165325 653926895 101714846 71228502 756424902 
330799709 328681660 229005876 862052888 560456397 871042068 732084070 646210621 327442779 446992179 
433188692 494775393 352541309 218953733 859855878 803245636 823354529 933330245 50053650 
858235642 278952054 577487308 886917612 645336498 81890984 135037857 857933166 
127086775 357883200 149830604 849663138 618353565 456748545 52252838 
941354601 77964020 679237928 598626994 769593014 844304683 
243430709 366851908 144086351 522324858 548503692 
150070767 507200713 821669445 407136185 
260554072 571998063 169651819 
81911950 317069820 
363723658 

