18
331246744 350242877 164280503 242006213 938393815 150968867 477558560 689635880 674270985 978190400 255730395 470516905 135939483 145215969 904921593 660506999 369524059 
160574188 654981586 424085438 919684473 203195694 802787919 165281264 10536817 26012691 366853236 329101137 288305855 417939187 827550022 403680771 760240753 
286263238 883461468 929732206 276069598 845028490 187495006 804883724 355128994 67593671 308228306 758240143 748006855 973298175 971669310 52581475 
992006873 363347883 686213527 906122731 424114845 874809381 734333062 48113458 272023270 794282304 183472228 164922684 985367869 267365145 
737253346 996071336 523112659 95325244 159948127 551813040 350851447 79914401 901608606 935086861 689195808 230656537 642462985 
237976516 731739091 833061289 88251050 802493217 692974783 66502172 912439947 858170810 840271296 405529669 728529661 
730471555 868508965 190138212 93466346 502203586 671678369 601945517 903764011 99551459 537196555 492240461 
914533765 746533778 778991533 410291075 304075529 86081909 525066216 727712009 278283432 823328835 
730027941 564646022 399887489 119994320 803542113 464357235 80752297 829143413 412459624 
466368013 714914823 436366243 699829658 480877373 682379802 554072582 833910239 
453190868 606694536 111948460 823558039 207202229 512795698 893523733 
129173328 567612903 231455903 645596247 237345817 449668612 
74755508 730706055 831805748 921257888 134671301 
415645378 458266754 916713778 475328279 
125316757 37674654 484589359 
697777212 637325660 
915888921 

