19
309960105 309960105 309960105 309960105 309960105 309960105 309960105 309960105 309960105 309960105 309960105 309960105 309960105 309960105 309960105 309960105 309960105 309960105 
309960105 309960105 309960105 309960105 309960105 309960105 309960105 309960105 309960105 309960105 309960105 309960105 309960105 309960105 309960105 309960105 309960105 
309960105 309960105 309960105 309960105 309960105 309960105 309960105 309960105 309960105 309960105 309960105 309960105 309960105 309960105 309960105 309960105 
309960105 309960105 309960105 309960105 309960105 309960105 309960105 309960105 309960105 309960105 309960105 309960105 309960105 309960105 309960105 
309960105 309960105 309960105 309960105 309960105 309960105 309960105 309960105 309960105 309960105 309960105 309960105 309960105 309960105 
309960105 309960105 309960105 309960105 309960105 309960105 309960105 309960105 309960105 309960105 309960105 309960105 309960105 
309960105 309960105 309960105 309960105 309960105 309960105 309960105 309960105 309960105 309960105 309960105 309960105 
309960105 309960105 309960105 309960105 309960105 309960105 309960105 309960105 309960105 309960105 309960105 
309960105 309960105 309960105 309960105 309960105 309960105 309960105 309960105 309960105 309960105 
309960105 309960105 309960105 309960105 309960105 309960105 309960105 309960105 309960105 
309960105 309960105 309960105 309960105 309960105 309960105 309960105 309960105 
309960105 309960105 309960105 309960105 309960105 309960105 309960105 
309960105 309960105 309960105 309960105 309960105 309960105 
309960105 309960105 309960105 309960105 309960105 
309960105 309960105 309960105 309960105 
309960105 309960105 309960105 
309960105 309960105 
309960105 

