127
127
127
127
127
127
127
127
127
95
127
127
127
127
127
127
127
127
127
127
127
127
127
127
127
92
127
127
127
127
127
127
127
127
127
127
127
127
127
127
127
127
127
127
127
127
127
127
127
127
127
127
127
127
127
127
127
127
127
127
127
127
127
127
127
127
127
127
127
127
127
127
127
127
127
127
127
127
127
127
127
127
98
127
127
127
127
127
127
127
127
127
127
127
127
127
127
127
127
31
127
115
127
127
127
127
127
127
127
127
127
127
127
127
127
127
127
127
127
127
127
45
127
127
127
127
127
36
127
127
127
127
127
127
127
127
127
127
127
127
127
127
127
127
127
127
127
127
127
127
127
127
127
127
111
127
127
127
127
75
127
127
127
59
127
127
127
127
127
127
127
127
127
127
127
127
127
127
127
14
127
127
127
127
127
127
127
127
127
127
127
127
127
127
127
127
127
127
127
127
127
127
127
127
127
127
127
127
127
127
122
127
24
127
127
127
127
127
127
127
127
47
127
127
127
127
127
127
68
127
100
127
127
127
127
127
127
127
127
127
127
127
127
127
127
127
127
127
127
127
127
127
127
127
127
127
127
127
127
127
127
112
127
127
127
127
127
127
127
127
127
127
127
127
127
127
127
127
127
127
121
127
127
127
127
41
127
127
127
127
127
127
127
127
127
127
127
127
127
127
127
127
127
127
127
127
127
127
127
127
127
127
127
127
17
127
127
127
127
127
127
127
127
127
127
127
127
127
127
127
127
127
127
127
127
127
127
127
127
127
127
