5
41 49
38 39
4 34
7 21
27 39
12 17
6 8
20 32
8 15
33 36
23 26
4 22
16 24
38 40
39 41
12 21
28 40
34 37
18 28
4 15
18 29
25 34
40 41
9 38
27 34
32 40
27 32
35 41
6 37
27 36
12 15
39 41
36 37
15 19
30 38
39 41
3 36
24 25
33 36
29 32
35 40
36 37
24 40
19 28
3 28
6 32
36 40
14 28
21 40
12 30
37 49
15 29
9 17
10 28
9 14
21 23
34 36
21 23
11 34
9 22
10 21
16 36
23 35
1 21
13 29
2 22
25 37
8 36
6 12
14 32
5 22
24 27
10 32
14 27
6 29
25 26
27 36
36 37
28 36
27 37
34 35
21 37
36 37
36 37
5 19
1 17
7 11
31 34
30 32
16 24
10 11
30 35
26 32
24 34
9 31
1 30
22 33
28 36
12 13
9 17
40 49
35 39
14 30
11 36
26 38
24 39
1 22
23 28
18 40
2 16
19 31
10 26
34 39
26 28
3 26
5 31
13 35
29 37
14 17
20 31
30 35
10 29
2 31
5 35
9 15
31 32
39 40
27 38
1 31
32 40
26 40
25 39
21 40
36 40
37 39
20 36
18 34
39 40
28 39
25 39
23 31
11 12
17 24
2 23
22 23
7 31
1 27
26 29
12 19
34 39
49 49
15 28
41 44
40 43
3 46
26 37
6 19
38 47
8 10
36 44
42 48
41 48
10 23
44 46
42 46
21 27
33 39
23 48
17 22
1 5
25 29
15 41
43 48
38 43
32 48
15 48
27 36
35 47
11 14
25 42
21 48
43 47
18 31
48 49
37 45
22 47
48 49
45 46
6 30
28 43
4 41
14 49
44 46
29 41
2 34
35 38
43 49
28 30
34 37
16 24
50 50
1 25
2 25
3 25
4 25
5 25
6 25
7 25
8 25
9 25
10 25
11 25
12 25
13 25
14 25
15 25
16 25
17 25
18 25
19 25
20 25
21 25
22 25
23 25
24 25
25 26
25 27
25 28
25 29
25 30
25 31
25 32
25 33
25 34
25 35
25 36
25 37
25 38
25 39
25 40
25 41
25 42
25 43
25 44
25 45
25 46
25 47
25 48
25 49
1 50
24 50
