5
45 50
2 30
25 26
35 40
3 41
12 18
5 23
18 31
39 41
40 41
15 33
39 44
13 33
27 43
23 42
7 10
15 27
5 33
1 3
9 41
37 42
44 45
9 41
16 20
31 33
2 3
29 37
31 38
40 44
31 34
26 28
23 31
23 35
21 33
35 42
5 41
2 33
18 24
28 35
33 42
18 31
33 34
36 40
16 25
1 36
25 26
8 11
43 44
40 42
13 23
30 36
40 49
37 39
28 33
13 40
26 40
16 17
11 36
22 37
15 34
35 37
14 19
10 22
31 36
6 34
34 40
36 37
10 18
28 33
11 32
8 36
7 27
34 35
16 32
23 36
34 37
2 28
30 35
28 31
1 21
24 35
17 36
4 29
37 39
9 11
36 39
24 33
23 33
20 25
21 24
5 32
10 17
12 37
16 37
34 39
20 27
23 38
4 17
8 10
3 7
10 29
41 49
19 39
33 40
36 37
38 40
31 36
13 34
20 33
20 30
5 31
2 4
10 11
35 36
39 41
2 10
28 37
22 34
5 6
16 36
27 40
4 38
4 13
22 38
38 39
23 32
2 40
24 31
22 24
30 33
19 21
15 21
1 2
4 19
7 28
23 32
39 41
6 41
17 25
1 24
31 33
17 22
26 33
17 28
3 21
2 21
28 39
25 30
8 35
20 37
23 41
31 49
27 30
13 26
4 29
27 28
30 31
27 30
11 24
22 26
30 31
20 27
26 27
9 26
25 27
2 11
25 28
1 12
19 21
23 30
12 27
25 27
4 9
30 31
17 24
11 19
21 27
21 26
27 30
3 16
12 18
19 21
8 14
22 26
11 28
23 29
18 26
10 17
27 31
3 6
10 29
7 25
20 30
30 31
2 31
16 20
3 13
3 25
8 21
11 19
21 25
50 50
1 25
2 25
3 25
4 25
5 25
6 25
7 25
8 25
9 25
10 25
11 25
12 25
13 25
14 25
15 25
16 25
17 25
18 25
19 25
20 25
21 25
22 25
23 25
24 25
25 26
25 27
25 28
25 29
25 30
25 31
25 32
25 33
25 34
25 35
25 36
25 37
25 38
25 39
25 40
25 41
25 42
25 43
25 44
25 45
25 46
25 47
25 48
25 49
1 50
24 50
