5
45 49
28 34
39 44
22 32
21 43
35 40
43 44
40 44
36 45
3 34
19 22
12 36
30 37
33 44
25 35
28 35
8 21
13 21
39 41
20 25
16 30
32 43
38 43
5 32
4 40
12 13
28 41
20 45
30 34
30 34
7 44
32 42
30 42
11 12
36 37
12 42
2 6
24 31
5 21
15 31
17 18
5 13
6 36
13 36
27 34
43 44
24 30
21 40
15 37
25 42
35 50
3 14
32 35
5 21
4 25
25 29
23 33
6 30
10 23
20 34
23 35
6 7
22 24
16 23
33 35
18 20
4 24
32 34
14 34
4 26
18 33
22 29
16 30
32 35
18 19
25 35
9 28
27 35
7 27
31 35
10 23
28 29
6 21
4 9
22 30
32 33
18 30
12 14
15 31
5 7
23 35
31 33
33 35
33 34
19 28
22 26
30 35
4 9
23 27
30 33
13 16
45 49
16 20
19 43
35 45
18 34
6 25
39 43
3 29
26 40
22 25
44 45
10 43
8 12
23 27
33 37
33 34
35 39
38 43
42 43
16 19
34 45
30 38
40 41
11 12
35 41
22 40
18 36
11 26
37 38
22 32
38 42
32 33
35 37
42 45
17 35
9 21
27 28
42 43
23 30
41 44
11 14
37 44
20 27
29 45
19 42
34 35
37 43
12 24
33 38
22 27
41 49
14 22
12 31
36 37
35 41
37 38
38 40
7 40
21 25
27 36
29 32
32 34
37 38
6 15
30 34
5 8
9 16
15 23
29 31
27 37
17 18
27 40
30 41
8 26
9 38
21 39
16 22
34 41
19 25
2 8
13 39
31 33
34 36
4 18
11 30
26 39
8 38
7 9
6 9
21 40
17 20
39 41
20 27
9 35
22 40
40 41
15 22
24 25
19 32
37 40
50 50
1 25
2 25
3 25
4 25
5 25
6 25
7 25
8 25
9 25
10 25
11 25
12 25
13 25
14 25
15 25
16 25
17 25
18 25
19 25
20 25
21 25
22 25
23 25
24 25
25 26
25 27
25 28
25 29
25 30
25 31
25 32
25 33
25 34
25 35
25 36
25 37
25 38
25 39
25 40
25 41
25 42
25 43
25 44
25 45
25 46
25 47
25 48
25 49
1 50
24 50
