5
46 50
14 32
2 19
4 23
11 44
14 39
1 37
10 23
16 23
12 21
24 36
9 38
24 26
20 22
17 39
7 25
6 12
10 31
41 42
18 38
17 30
34 45
41 43
8 34
3 16
3 45
13 23
24 44
1 41
12 26
40 44
32 44
45 46
32 39
21 35
5 9
17 27
9 15
37 38
27 37
44 45
12 24
44 46
21 31
29 33
19 30
21 24
11 39
38 46
38 43
35 44
50 50
12 21
35 47
31 38
7 8
29 38
30 45
36 43
18 34
49 50
2 45
22 27
37 39
12 15
19 30
20 41
12 22
13 18
20 42
43 48
9 34
38 41
45 46
26 40
8 45
13 28
21 40
35 50
15 18
26 36
3 40
46 49
31 45
11 22
37 43
24 43
28 29
37 44
14 30
35 46
9 17
39 43
14 30
38 40
30 33
42 48
19 40
26 27
30 50
35 38
7 32
31 50
28 29
15 29
11 24
25 30
9 13
12 30
14 24
18 19
20 24
11 27
25 30
11 18
15 21
20 25
26 28
5 25
6 24
16 22
15 18
15 30
12 25
3 15
12 28
20 28
23 28
3 28
4 13
25 31
9 13
3 20
12 15
6 26
6 31
30 31
25 30
1 25
7 11
6 17
30 31
8 10
21 30
3 21
1 6
23 30
16 22
13 27
20 27
16 24
15 19
19 22
43 50
25 29
2 23
19 32
28 34
42 43
6 12
20 37
16 41
3 20
4 34
25 39
40 42
8 25
10 32
4 19
7 34
17 28
9 29
32 33
30 35
30 33
4 19
8 11
12 25
2 10
41 43
8 42
18 34
29 31
2 30
18 34
32 43
38 40
23 41
31 33
12 18
26 35
29 34
14 32
39 42
7 18
24 32
22 27
20 22
19 38
29 34
39 43
26 39
29 39
40 41
50 50
1 25
2 25
3 25
4 25
5 25
6 25
7 25
8 25
9 25
10 25
11 25
12 25
13 25
14 25
15 25
16 25
17 25
18 25
19 25
20 25
21 25
22 25
23 25
24 25
25 26
25 27
25 28
25 29
25 30
25 31
25 32
25 33
25 34
25 35
25 36
25 37
25 38
25 39
25 40
25 41
25 42
25 43
25 44
25 45
25 46
25 47
25 48
25 49
1 50
24 50
