5
499 500
331 392
255 313
75 81
155 227
148 421
69 161
259 460
202 251
130 393
129 271
247 299
398 401
375 425
148 472
75 411
288 380
226 346
406 449
234 303
243 345
284 444
386 433
230 268
466 493
104 441
455 482
199 202
276 303
340 357
129 432
188 252
228 495
367 373
473 487
405 486
421 490
47 99
204 224
321 365
58 249
366 397
6 412
239 404
255 428
345 443
149 270
126 323
45 178
494 499
53 204
309 491
11 54
440 481
213 244
231 313
498 499
115 324
92 117
169 423
396 438
103 183
373 426
416 427
61 264
62 330
380 412
426 432
413 487
485 495
448 480
321 339
111 308
259 439
473 486
256 440
355 463
141 145
109 263
58 441
487 491
435 465
334 437
210 479
232 466
220 422
387 438
221 271
101 141
229 367
149 216
233 416
274 488
402 410
199 402
408 470
433 474
105 367
234 431
175 316
253 436
493 494
443 484
126 331
267 395
266 434
454 498
99 462
188 331
448 472
230 334
199 336
489 496
168 321
37 226
399 421
458 465
375 463
376 450
393 449
203 355
130 341
74 495
315 451
321 349
453 496
31 343
320 473
441 488
443 460
443 460
134 313
417 477
446 459
380 401
52 482
385 473
394 406
23 243
313 499
91 406
210 336
467 478
132 183
167 280
364 451
294 392
487 496
291 309
406 484
96 290
390 398
88 207
151 307
65 72
287 359
1 161
322 459
50 422
355 449
430 449
475 489
370 394
441 471
132 420
370 428
100 353
68 193
370 384
303 411
298 402
100 194
449 494
213 356
24 138
283 451
389 495
44 135
93 117
337 410
280 392
367 421
112 368
204 437
287 363
74 162
367 369
175 434
125 492
420 456
181 346
370 433
93 485
444 450
23 473
483 486
171 377
143 221
91 432
288 451
479 483
199 301
253 257
106 395
304 366
297 427
251 359
137 229
376 405
376 382
264 302
157 303
26 92
58 131
238 372
375 417
381 453
33 61
180 483
250 333
356 456
413 456
206 358
467 497
172 295
447 481
160 237
496 498
358 457
189 456
196 499
284 310
218 343
341 375
310 366
430 441
440 447
153 479
56 324
219 439
296 321
85 135
295 339
309 361
375 440
430 466
45 67
200 421
4 133
310 455
448 464
436 482
408 467
415 462
151 411
304 477
362 464
228 350
293 329
267 349
471 487
487 492
105 443
272 374
243 278
138 349
42 266
323 472
398 457
218 424
187 474
310 317
368 436
137 156
21 264
107 496
34 253
386 392
342 343
118 477
332 403
239 443
372 386
110 302
243 412
491 492
495 498
284 396
9 263
183 362
280 454
31 462
335 368
464 470
60 478
118 230
61 65
46 122
468 478
381 410
65 163
383 443
450 463
43 229
461 494
255 394
322 484
207 456
47 190
478 496
300 431
321 440
302 490
402 432
97 375
290 345
274 322
56 250
367 416
64 121
103 132
157 367
431 478
172 181
225 293
496 499
150 202
240 434
28 277
173 341
164 498
254 448
375 415
186 246
300 441
393 444
195 350
109 225
38 434
423 484
416 417
108 375
134 138
253 380
293 314
234 467
19 348
354 492
63 113
270 402
345 452
345 488
191 366
47 144
307 451
328 426
463 488
212 272
218 370
405 420
51 304
478 480
50 366
141 288
221 332
217 348
39 83
194 345
336 488
219 244
350 450
118 390
195 320
227 337
9 13
207 364
137 455
17 370
385 468
225 231
323 343
251 267
57 279
284 482
266 353
295 331
116 381
485 493
329 416
385 390
353 404
33 188
284 415
370 480
197 288
289 402
37 219
215 286
418 462
125 130
107 207
256 353
195 238
498 499
478 481
236 494
240 493
123 397
214 490
282 453
494 499
176 321
217 377
64 90
82 234
188 497
272 472
201 392
317 340
182 221
146 233
45 363
296 349
286 493
337 378
7 216
130 470
198 309
211 350
368 434
343 472
413 498
173 242
441 475
355 392
429 463
221 431
89 113
293 481
195 286
357 391
414 464
491 494
330 362
456 480
120 344
445 454
208 227
304 400
208 326
321 381
2 158
188 242
364 494
240 468
287 378
366 438
293 300
317 430
16 224
282 430
119 393
68 454
242 325
454 486
145 389
466 478
122 388
121 392
184 389
286 329
465 473
447 488
147 395
277 356
361 452
107 210
85 435
230 474
152 407
104 463
112 270
88 450
380 454
182 387
274 416
24 46
101 235
475 484
191 288
284 428
42 64
39 212
253 468
493 499
438 470
122 364
286 434
215 288
434 449
128 394
490 499
451 485
459 469
388 403
397 402
122 450
456 457
86 168
380 487
76 224
61 463
475 490
237 279
16 266
87 362
64 467
277 406
408 423
44 485
14 456
303 454
301 402
422 471
58 97
139 253
56 168
82 428
154 281
198 394
48 454
368 376
177 382
410 431
305 473
426 448
489 490
155 314
103 108
227 312
34 197
55 355
397 453
149 361
219 367
252 412
355 421
455 457
418 461
172 336
177 210
259 473
285 418
95 228
409 476
332 380
19 293
271 417
268 429
452 462
115 182
466 475
247 313
135 190
41 78
387 418
300 420
274 426
289 363
100 430
402 472
322 423
465 470
316 487
63 387
296 453
235 376
256 308
218 383
268 391
228 422
270 410
190 339
322 335
407 484
25 427
444 484
389 406
355 453
77 489
390 458
75 389
478 488
395 456
27 67
369 400
208 390
358 440
96 294
361 478
39 241
72 346
167 285
332 334
126 462
258 316
136 411
299 432
232 245
37 150
146 210
38 451
151 470
79 234
476 482
461 476
35 71
308 428
400 484
61 240
195 308
471 489
383 385
107 259
342 391
150 365
299 408
472 488
230 302
192 306
80 453
306 394
244 462
174 218
251 338
81 205
472 476
183 304
464 490
213 226
158 171
110 301
440 465
26 312
101 123
340 466
324 461
175 311
26 261
436 479
30 447
37 223
366 415
184 285
456 463
465 473
10 105
124 252
263 336
104 193
388 465
27 98
407 408
463 470
181 340
253 355
279 289
155 216
251 480
159 277
154 316
325 362
204 348
272 372
183 244
249 269
235 345
81 145
251 483
190 208
27 293
129 217
302 459
279 334
487 490
134 158
84 458
343 403
52 464
479 480
350 468
130 319
241 487
220 294
3 191
452 482
344 430
406 461
122 311
371 411
435 457
486 487
26 77
200 337
324 330
59 302
161 389
483 486
483 484
29 41
39 132
489 490
420 453
333 344
481 484
6 43
415 446
8 353
460 486
161 175
295 472
139 205
235 356
206 278
66 75
416 430
478 484
136 171
16 227
479 489
389 427
333 433
255 314
263 279
164 458
129 217
221 388
247 426
431 467
257 383
25 486
195 325
197 260
324 426
351 427
297 410
72 204
159 427
254 293
244 249
78 325
92 382
321 374
245 272
355 456
228 488
403 435
5 137
266 335
120 134
181 184
81 144
461 481
354 489
193 390
277 453
411 485
158 414
327 390
373 441
320 461
315 459
247 261
339 454
26 205
176 237
206 279
479 489
290 337
443 489
346 417
53 417
127 298
52 230
445 489
221 481
389 473
335 449
63 142
88 453
13 428
266 454
121 315
42 127
463 484
34 437
464 467
110 396
373 447
97 290
359 410
229 354
366 423
197 277
338 484
456 487
31 204
278 377
112 190
114 194
162 346
328 356
305 446
352 371
76 84
225 258
245 445
214 285
279 458
425 487
71 468
54 235
107 484
195 334
330 344
448 454
259 357
182 354
78 212
62 102
366 395
482 487
262 383
339 444
389 484
162 235
213 388
305 416
3 191
122 295
444 455
158 264
405 432
22 69
482 484
346 359
142 235
37 325
47 51
142 468
200 237
146 213
220 274
37 205
205 254
264 431
91 192
179 267
464 468
384 487
229 370
207 399
5 427
136 156
220 309
2 472
437 458
229 356
35 58
387 441
451 485
437 467
363 411
334 431
45 251
451 464
482 483
469 473
291 313
155 486
405 470
161 351
87 126
370 489
62 182
400 425
214 393
90 126
388 459
306 356
453 484
479 488
415 432
357 382
96 472
88 484
199 323
227 393
326 346
167 251
212 363
454 459
178 228
229 467
243 427
127 283
297 321
352 402
173 468
421 424
233 483
17 395
170 212
175 232
116 177
272 382
370 380
293 336
280 355
24 150
9 196
189 301
353 373
60 304
368 388
93 401
250 322
138 313
380 480
316 327
114 331
485 487
417 436
15 113
190 471
218 370
222 274
244 282
173 431
178 272
142 167
135 489
426 477
274 487
389 483
345 414
223 289
219 444
211 448
78 287
304 483
186 291
431 489
412 475
27 229
421 462
69 193
204 263
299 302
343 374
226 352
306 339
97 220
469 473
86 329
306 413
267 391
394 457
176 450
169 399
410 416
122 352
241 394
296 405
107 323
373 475
401 408
97 175
99 321
368 467
357 473
383 483
438 466
434 452
443 487
331 423
90 386
183 464
234 309
270 461
337 426
15 296
429 459
469 471
337 474
137 257
350 351
343 478
435 463
9 484
253 414
491 500
10 410
137 191
86 426
298 401
189 269
468 479
279 280
9 337
107 214
74 288
326 476
91 171
59 264
356 384
26 159
19 100
407 487
93 109
324 470
109 402
165 305
131 306
428 490
301 356
142 488
197 381
103 376
332 403
457 481
19 93
272 476
28 76
174 253
408 457
21 291
439 491
448 456
17 324
305 404
143 347
95 160
84 483
454 483
280 405
376 490
372 376
457 473
353 459
64 95
356 408
139 178
242 442
459 476
103 195
393 395
222 392
64 435
273 373
141 289
383 392
392 413
178 472
482 489
144 411
11 155
456 472
176 312
115 132
329 388
138 186
138 253
53 88
304 330
162 439
316 457
467 487
255 320
53 342
318 396
446 458
41 333
269 285
64 68
93 440
473 490
448 465
399 442
120 333
437 487
88 299
242 473
165 256
490 491
457 462
245 462
20 36
162 396
478 486
354 483
19 28
483 489
334 454
22 247
165 365
115 453
40 480
167 376
142 402
371 387
336 431
245 485
136 478
412 422
379 462
440 456
91 446
295 342
409 453
1 450
348 454
317 390
152 423
159 399
195 340
309 424
186 274
182 384
273 486
133 326
392 402
208 445
13 190
2 15
262 340
111 367
143 258
281 391
89 343
477 484
234 442
82 235
223 390
353 410
455 483
483 484
468 483
105 144
211 423
347 391
117 128
194 198
366 469
444 483
209 405
285 485
283 371
112 417
191 237
146 228
388 415
201 252
396 399
92 347
425 461
29 342
280 358
160 217
352 390
57 61
467 488
157 371
356 466
64 250
100 145
297 453
323 417
454 458
228 452
443 469
329 460
166 248
284 453
228 250
100 316
427 432
342 344
248 453
333 400
374 394
350 427
267 479
130 451
361 450
471 491
88 298
77 414
448 449
108 240
260 411
27 37
386 402
14 321
166 304
394 402
228 256
136 488
192 438
283 459
122 313
484 486
354 437
421 425
111 186
490 491
486 491
481 491
148 450
232 489
14 332
157 329
439 486
83 482
461 488
452 471
398 466
323 441
61 246
211 336
139 387
167 218
227 437
85 219
397 461
421 440
332 451
24 438
206 278
163 382
243 359
234 256
175 363
189 199
57 212
489 491
208 453
102 419
154 323
329 471
73 182
452 470
192 452
269 319
294 415
187 328
369 394
76 191
187 404
363 463
92 482
265 395
396 397
175 474
153 485
64 121
114 333
37 109
145 258
51 209
401 463
228 256
17 425
290 460
411 460
291 409
45 106
319 380
389 477
107 150
292 486
149 373
452 476
316 353
257 395
359 449
261 365
80 189
333 449
447 467
63 427
420 491
108 179
440 455
95 346
3 339
345 357
26 40
138 332
124 319
475 483
150 344
16 466
348 482
145 295
166 309
49 310
359 442
47 83
39 462
129 132
237 367
454 481
230 296
463 476
274 286
389 463
24 36
328 479
8 285
57 308
347 453
25 488
290 380
127 222
172 184
42 158
347 392
341 440
489 490
1 276
378 483
323 403
145 399
308 470
17 53
255 473
161 284
356 408
174 340
3 137
416 473
401 484
196 459
164 415
96 340
358 491
131 228
430 450
422 463
266 364
432 450
375 409
180 319
221 321
293 371
15 211
92 470
94 255
99 305
83 459
474 476
243 244
164 287
6 346
202 335
118 141
109 131
123 187
417 423
488 491
346 389
257 334
44 353
189 282
207 227
144 286
99 379
234 472
335 415
133 214
110 173
124 189
189 457
7 26
199 247
285 305
350 445
404 431
187 362
75 179
447 466
29 220
132 359
397 460
157 160
56 281
208 428
211 241
243 245
172 373
130 351
368 382
167 433
198 376
243 326
343 379
277 384
285 337
192 333
341 461
265 295
319 345
368 446
163 326
167 305
217 364
379 387
366 411
166 228
181 317
231 357
334 368
341 473
483 491
257 381
146 358
211 437
240 297
266 378
346 436
250 355
177 296
181 381
69 486
309 344
44 201
36 166
34 431
262 351
265 471
174 267
288 382
306 354
250 253
120 432
431 485
185 474
154 401
420 483
35 334
213 322
405 448
26 377
265 270
419 453
193 421
146 209
368 469
22 98
108 151
324 403
307 335
362 466
194 487
130 299
3 53
65 146
290 326
252 369
477 482
232 413
162 260
183 442
386 447
388 454
258 463
158 286
148 224
211 371
286 328
298 300
420 441
135 474
390 414
327 347
94 405
184 300
258 310
163 295
257 346
363 403
470 481
362 365
344 433
287 328
490 491
307 453
182 439
472 478
235 337
37 107
484 500
305 357
406 468
148 475
301 330
296 471
278 330
198 289
131 451
348 379
401 459
126 397
217 328
306 477
95 414
212 240
301 307
105 387
251 377
43 59
124 370
401 421
458 470
321 469
116 128
111 159
456 465
357 425
114 361
478 482
193 460
469 483
362 442
108 307
59 325
305 411
8 219
51 174
472 478
273 301
371 418
93 157
107 243
481 484
192 415
313 418
242 398
374 466
79 222
296 377
476 480
242 452
176 231
120 438
467 479
332 370
367 475
287 378
51 329
355 376
43 483
170 428
324 430
154 200
289 299
185 292
60 190
183 214
250 294
74 186
280 301
120 183
123 143
472 474
88 391
146 260
363 456
452 472
441 477
198 440
8 135
376 451
112 254
55 445
221 359
439 458
483 484
127 362
248 352
290 365
122 333
100 315
281 329
460 479
33 165
463 478
324 353
445 455
329 386
171 321
290 356
408 478
122 306
442 457
119 424
214 230
50 343
442 463
108 151
326 401
88 269
174 218
199 234
237 433
176 251
185 345
468 484
8 394
19 330
392 410
292 343
353 377
355 381
334 404
189 205
44 74
68 363
163 286
79 85
277 422
338 476
392 417
241 430
18 204
130 377
201 382
239 313
349 460
66 120
466 476
41 321
288 386
321 459
272 377
319 423
138 392
454 484
176 179
275 361
189 484
483 484
68 73
284 465
40 254
399 419
134 173
361 413
221 374
329 378
171 450
90 322
72 215
8 226
449 474
1 131
395 421
242 476
22 430
402 411
93 421
327 461
165 277
431 471
92 476
54 222
167 225
405 427
119 418
33 267
246 434
257 411
40 199
17 148
399 408
454 461
71 268
348 355
396 427
156 203
166 391
41 357
142 360
453 461
260 388
185 393
208 432
241 437
98 409
108 258
393 408
335 382
67 327
93 165
339 406
365 423
14 389
424 446
464 475
46 394
34 37
223 327
244 442
254 447
32 430
179 296
325 467
333 410
415 425
4 46
44 136
169 204
290 401
66 468
28 423
330 439
115 225
306 431
164 178
73 457
60 64
148 428
9 80
439 452
376 480
367 379
46 222
342 482
216 295
420 421
126 262
322 434
179 197
365 457
161 370
324 418
188 317
409 434
49 136
150 402
267 317
350 411
49 419
244 303
176 337
38 68
44 461
375 424
68 236
251 350
182 356
321 393
363 411
418 478
244 388
36 165
194 465
411 477
239 452
262 373
9 313
139 482
242 330
417 430
482 483
473 484
328 346
305 395
90 288
259 483
368 434
325 482
306 331
221 249
302 469
413 427
157 250
337 350
141 463
6 242
434 483
15 127
348 382
171 433
417 426
42 181
430 448
84 185
31 481
337 423
230 237
216 438
113 307
17 442
335 450
365 384
351 376
448 467
404 444
332 478
169 324
359 391
187 363
122 204
211 420
118 415
325 415
115 237
452 462
264 352
458 483
30 151
194 483
445 455
379 478
373 472
303 326
449 480
341 483
237 271
104 392
296 312
81 300
29 441
321 481
152 397
119 135
242 482
119 375
227 325
87 470
244 412
413 422
111 135
226 330
444 467
434 441
326 435
417 424
425 467
429 466
49 251
54 287
347 418
223 385
418 442
435 469
188 408
65 232
282 436
273 303
81 239
34 150
477 481
147 329
200 438
388 389
15 134
85 451
235 265
237 438
117 126
483 484
175 480
363 367
222 243
433 481
149 168
245 323
455 483
251 456
145 172
230 388
34 147
38 417
162 199
317 417
451 477
233 311
213 313
116 412
483 484
153 243
235 480
444 468
65 139
8 375
298 447
108 185
338 376
201 468
342 400
405 410
56 411
401 480
370 456
5 358
16 201
4 423
63 241
174 455
154 168
49 442
427 431
112 289
448 455
281 288
87 201
384 395
310 358
84 409
269 323
424 466
104 155
126 398
209 359
471 473
216 256
425 479
186 407
124 248
364 405
219 363
193 353
180 354
21 44
466 484
150 236
333 356
201 318
335 430
10 475
456 465
152 343
376 467
150 315
295 393
109 114
111 263
142 344
295 382
104 410
444 461
63 276
106 211
240 260
194 477
214 469
257 363
38 386
11 231
476 481
232 308
340 385
32 124
343 437
382 402
355 426
373 464
16 292
365 430
254 385
214 447
332 391
171 289
23 447
156 175
237 261
145 465
365 434
367 377
48 231
35 212
8 167
176 349
307 393
171 398
273 283
94 230
244 416
462 468
279 484
88 222
473 480
260 476
224 362
283 321
16 295
417 483
478 479
342 363
330 377
500 500
1 250
2 250
3 250
4 250
5 250
6 250
7 250
8 250
9 250
10 250
11 250
12 250
13 250
14 250
15 250
16 250
17 250
18 250
19 250
20 250
21 250
22 250
23 250
24 250
25 250
26 250
27 250
28 250
29 250
30 250
31 250
32 250
33 250
34 250
35 250
36 250
37 250
38 250
39 250
40 250
41 250
42 250
43 250
44 250
45 250
46 250
47 250
48 250
49 250
50 250
51 250
52 250
53 250
54 250
55 250
56 250
57 250
58 250
59 250
60 250
61 250
62 250
63 250
64 250
65 250
66 250
67 250
68 250
69 250
70 250
71 250
72 250
73 250
74 250
75 250
76 250
77 250
78 250
79 250
80 250
81 250
82 250
83 250
84 250
85 250
86 250
87 250
88 250
89 250
90 250
91 250
92 250
93 250
94 250
95 250
96 250
97 250
98 250
99 250
100 250
101 250
102 250
103 250
104 250
105 250
106 250
107 250
108 250
109 250
110 250
111 250
112 250
113 250
114 250
115 250
116 250
117 250
118 250
119 250
120 250
121 250
122 250
123 250
124 250
125 250
126 250
127 250
128 250
129 250
130 250
131 250
132 250
133 250
134 250
135 250
136 250
137 250
138 250
139 250
140 250
141 250
142 250
143 250
144 250
145 250
146 250
147 250
148 250
149 250
150 250
151 250
152 250
153 250
154 250
155 250
156 250
157 250
158 250
159 250
160 250
161 250
162 250
163 250
164 250
165 250
166 250
167 250
168 250
169 250
170 250
171 250
172 250
173 250
174 250
175 250
176 250
177 250
178 250
179 250
180 250
181 250
182 250
183 250
184 250
185 250
186 250
187 250
188 250
189 250
190 250
191 250
192 250
193 250
194 250
195 250
196 250
197 250
198 250
199 250
200 250
201 250
202 250
203 250
204 250
205 250
206 250
207 250
208 250
209 250
210 250
211 250
212 250
213 250
214 250
215 250
216 250
217 250
218 250
219 250
220 250
221 250
222 250
223 250
224 250
225 250
226 250
227 250
228 250
229 250
230 250
231 250
232 250
233 250
234 250
235 250
236 250
237 250
238 250
239 250
240 250
241 250
242 250
243 250
244 250
245 250
246 250
247 250
248 250
249 250
250 251
250 252
250 253
250 254
250 255
250 256
250 257
250 258
250 259
250 260
250 261
250 262
250 263
250 264
250 265
250 266
250 267
250 268
250 269
250 270
250 271
250 272
250 273
250 274
250 275
250 276
250 277
250 278
250 279
250 280
250 281
250 282
250 283
250 284
250 285
250 286
250 287
250 288
250 289
250 290
250 291
250 292
250 293
250 294
250 295
250 296
250 297
250 298
250 299
250 300
250 301
250 302
250 303
250 304
250 305
250 306
250 307
250 308
250 309
250 310
250 311
250 312
250 313
250 314
250 315
250 316
250 317
250 318
250 319
250 320
250 321
250 322
250 323
250 324
250 325
250 326
250 327
250 328
250 329
250 330
250 331
250 332
250 333
250 334
250 335
250 336
250 337
250 338
250 339
250 340
250 341
250 342
250 343
250 344
250 345
250 346
250 347
250 348
250 349
250 350
250 351
250 352
250 353
250 354
250 355
250 356
250 357
250 358
250 359
250 360
250 361
250 362
250 363
250 364
250 365
250 366
250 367
250 368
250 369
250 370
250 371
250 372
250 373
250 374
250 375
250 376
250 377
250 378
250 379
250 380
250 381
250 382
250 383
250 384
250 385
250 386
250 387
250 388
250 389
250 390
250 391
250 392
250 393
250 394
250 395
250 396
250 397
250 398
250 399
250 400
250 401
250 402
250 403
250 404
250 405
250 406
250 407
250 408
250 409
250 410
250 411
250 412
250 413
250 414
250 415
250 416
250 417
250 418
250 419
250 420
250 421
250 422
250 423
250 424
250 425
250 426
250 427
250 428
250 429
250 430
250 431
250 432
250 433
250 434
250 435
250 436
250 437
250 438
250 439
250 440
250 441
250 442
250 443
250 444
250 445
250 446
250 447
250 448
250 449
250 450
250 451
250 452
250 453
250 454
250 455
250 456
250 457
250 458
250 459
250 460
250 461
250 462
250 463
250 464
250 465
250 466
250 467
250 468
250 469
250 470
250 471
250 472
250 473
250 474
250 475
250 476
250 477
250 478
250 479
250 480
250 481
250 482
250 483
250 484
250 485
250 486
250 487
250 488
250 489
250 490
250 491
250 492
250 493
250 494
250 495
250 496
250 497
250 498
250 499
1 500
249 500
