5
497 500
389 391
369 374
109 332
115 299
466 487
363 402
323 493
324 446
31 38
466 483
360 465
85 288
391 494
401 483
417 479
172 351
8 224
440 451
21 76
114 208
356 446
9 279
384 479
179 320
401 491
28 209
388 470
449 466
234 288
60 294
306 354
480 481
171 282
200 270
101 203
27 211
344 413
307 333
264 432
270 300
327 381
36 428
395 470
475 493
98 385
471 474
370 483
101 478
422 473
10 159
134 202
248 332
6 194
1 80
2 210
399 447
264 389
419 484
375 398
284 487
23 36
490 493
313 452
163 283
79 205
358 446
223 276
127 296
373 476
43 476
455 481
76 402
76 191
335 337
207 300
107 168
449 457
125 270
189 311
18 81
16 258
436 438
489 494
313 418
333 456
488 496
446 492
414 489
460 489
496 497
92 357
418 452
297 303
39 430
8 206
121 412
353 466
92 466
411 417
78 456
134 398
98 427
143 236
221 326
127 245
320 350
277 388
247 417
246 348
33 357
162 242
82 129
280 344
261 282
317 416
294 342
57 397
271 281
162 483
465 487
109 275
341 438
306 312
419 441
480 492
99 244
1 165
179 367
255 475
153 404
487 489
24 363
221 398
88 289
16 22
209 294
383 458
328 473
172 432
254 449
64 274
357 367
191 432
341 392
237 345
30 360
194 251
30 408
90 377
213 273
128 229
279 396
332 339
113 407
250 469
336 454
13 313
159 422
355 440
207 468
27 147
316 359
453 465
158 196
121 291
77 471
314 489
25 185
204 312
280 466
404 489
337 455
191 358
376 387
70 108
459 482
384 452
173 348
312 404
1 158
177 304
138 289
311 446
96 234
248 322
453 473
290 462
200 324
367 474
186 476
223 381
63 221
420 451
376 480
196 288
191 373
458 489
146 226
270 457
163 291
22 139
47 303
13 83
382 454
243 434
283 488
134 382
21 198
207 479
308 447
352 463
79 194
172 461
382 439
199 344
140 310
480 495
31 232
124 300
91 426
454 461
100 189
131 430
83 185
186 475
42 164
84 409
219 272
320 399
390 484
91 154
81 281
126 196
77 389
40 164
135 427
477 482
221 380
303 458
145 185
236 427
370 466
473 476
249 496
349 447
273 389
257 269
188 240
183 477
449 490
87 321
42 454
226 449
397 486
225 458
185 355
78 484
164 329
37 378
482 492
204 222
361 384
465 488
307 372
451 491
179 399
19 454
411 436
12 437
477 494
353 485
417 490
423 480
439 450
291 299
414 489
68 188
116 268
435 451
430 448
474 491
378 453
436 461
67 206
84 363
6 203
72 129
211 455
367 414
421 460
488 489
149 398
189 482
155 181
176 240
295 452
357 438
336 410
465 472
491 497
96 488
206 262
173 475
5 201
334 482
484 488
462 489
462 495
127 384
262 370
207 224
148 251
475 488
459 467
482 491
296 395
43 348
381 411
312 388
15 41
253 473
141 309
332 426
354 381
403 485
381 485
409 482
15 90
212 264
356 491
415 492
229 454
378 497
93 345
66 233
475 476
419 494
56 106
203 461
362 438
352 402
55 90
85 296
62 179
313 319
323 341
480 485
217 356
471 483
21 23
482 495
432 442
40 347
61 231
1 273
300 351
335 479
78 138
379 466
10 120
401 476
191 298
414 484
363 468
57 459
412 483
416 477
469 470
212 459
179 404
136 484
32 484
22 168
312 394
467 487
378 419
100 194
113 445
241 454
388 430
328 331
315 451
229 379
355 364
480 493
467 496
344 400
128 257
79 300
318 411
342 452
216 439
331 437
242 439
495 497
188 255
333 488
330 473
72 343
66 450
196 401
309 402
408 477
338 465
482 487
344 406
379 415
362 396
460 495
456 490
50 254
363 397
79 83
256 493
113 487
154 375
262 280
145 451
336 369
63 102
181 350
237 467
474 491
153 191
322 388
331 441
177 378
73 167
406 468
23 348
344 470
386 437
400 480
47 248
184 374
303 431
18 72
7 196
284 429
221 483
50 150
37 421
149 356
173 378
139 216
277 480
214 386
180 446
233 307
310 438
329 414
250 265
240 359
348 457
8 24
286 319
278 300
396 497
20 396
240 249
452 470
243 248
114 408
54 93
282 404
368 379
137 352
264 477
8 288
133 486
166 183
244 252
485 494
442 489
361 457
426 446
444 449
361 401
197 474
273 434
73 436
275 472
291 297
352 497
305 485
282 427
175 254
134 309
120 368
357 455
41 228
35 428
136 425
207 434
165 184
156 482
401 451
280 392
396 424
203 497
495 500
72 176
64 338
249 436
33 293
6 408
472 478
171 449
24 127
113 448
187 381
313 454
83 114
275 304
196 485
132 269
480 483
219 491
247 372
211 240
246 247
166 266
343 370
305 492
269 325
50 173
8 389
398 477
195 381
445 467
238 409
24 364
1 447
109 291
250 388
110 198
485 487
487 490
218 256
274 318
178 242
79 143
118 315
141 236
404 447
232 352
121 484
214 453
345 491
445 465
386 426
356 404
413 469
5 136
258 483
286 430
395 455
170 384
320 386
328 435
320 354
492 493
74 397
219 261
47 481
463 464
280 353
470 494
246 247
411 428
432 456
485 493
309 480
473 493
228 396
202 243
436 480
122 128
301 319
146 330
166 291
237 439
193 344
235 282
420 488
281 435
26 480
121 390
181 364
492 495
419 450
416 480
473 491
342 442
322 462
38 182
336 399
186 354
192 239
357 428
276 348
181 208
441 444
356 434
7 361
408 424
454 476
244 452
377 447
407 475
126 369
199 442
415 420
252 492
157 304
154 282
362 473
200 280
88 179
307 408
328 401
252 323
199 374
370 404
479 484
417 453
4 384
43 253
480 484
61 107
434 475
198 358
299 493
444 451
315 433
343 406
262 333
70 153
152 378
261 290
14 472
152 440
387 450
69 132
6 250
408 442
358 470
168 466
88 197
371 492
470 491
272 358
302 411
418 463
130 425
471 483
84 393
69 181
361 472
53 108
7 260
293 433
388 461
8 154
451 474
118 262
40 477
494 495
337 417
56 59
84 415
332 381
37 54
476 478
472 476
359 476
402 488
375 413
464 469
416 491
351 448
165 469
297 362
22 24
313 399
393 405
437 452
97 331
432 447
49 291
414 471
134 455
176 204
346 391
173 256
49 378
457 484
17 28
345 381
442 482
232 357
221 287
102 327
120 442
70 191
443 466
349 370
434 475
349 398
72 222
226 372
131 468
176 366
188 452
418 459
468 473
485 492
156 165
437 475
25 395
446 458
202 331
415 457
106 360
185 379
426 444
157 484
171 236
124 173
378 411
63 314
69 337
364 465
9 254
304 479
31 494
145 482
188 196
66 441
238 493
323 453
320 344
299 443
439 475
315 484
142 381
120 325
461 484
369 434
98 350
188 446
290 356
281 368
456 477
374 460
366 459
470 495
491 493
297 344
473 479
492 493
366 469
416 470
162 381
238 477
98 408
52 293
61 290
376 430
253 310
247 267
455 479
225 387
213 461
103 186
408 484
124 474
139 216
256 334
89 439
420 449
197 233
163 316
22 380
341 445
161 371
214 386
403 470
395 458
254 472
136 455
310 405
218 481
217 220
238 358
107 226
270 406
99 399
267 290
287 392
469 489
280 400
448 462
369 492
364 456
81 185
294 429
342 393
190 373
212 241
277 286
14 205
186 406
21 467
88 263
245 416
124 295
70 114
108 424
283 402
64 423
166 367
124 164
438 464
340 387
85 171
94 159
34 256
296 445
359 440
310 358
208 376
209 318
485 494
140 479
171 188
310 325
171 299
459 488
298 454
198 212
142 238
45 126
325 349
124 461
372 404
107 320
89 208
35 385
355 428
310 403
156 190
489 491
433 466
135 263
379 403
338 442
373 409
133 230
318 363
73 467
488 489
279 335
66 470
452 454
176 266
195 222
132 431
375 379
482 493
429 473
413 488
76 341
126 477
167 198
203 380
111 112
489 495
443 482
413 415
229 376
289 320
334 447
89 96
457 494
26 46
289 333
230 490
265 432
410 495
425 490
264 375
96 274
176 379
358 388
21 178
163 447
229 325
415 448
115 222
458 481
108 275
284 353
415 432
168 189
440 490
10 148
228 302
109 161
351 472
249 423
18 274
122 330
207 238
269 449
395 437
156 230
138 394
461 472
335 460
422 480
268 330
135 215
247 372
121 373
185 490
152 431
314 453
31 230
283 493
191 421
390 487
376 437
201 485
20 386
443 493
403 467
292 339
14 310
406 480
490 493
348 442
241 318
92 349
364 436
368 486
288 415
152 271
21 189
69 170
112 353
298 334
204 490
102 335
317 446
231 451
478 482
206 333
337 467
446 471
8 168
60 174
146 226
325 461
193 376
350 394
48 252
57 308
135 175
289 485
207 443
330 466
392 415
130 280
233 439
424 449
208 471
453 494
479 483
333 480
239 420
353 384
432 478
135 442
405 488
146 154
137 209
96 146
102 316
12 259
192 370
493 494
292 317
352 491
164 167
27 155
56 469
60 65
363 423
57 69
119 479
499 500
480 485
451 452
218 238
198 352
421 488
191 415
291 316
317 353
354 394
478 497
124 171
444 494
364 490
396 402
477 498
372 449
242 419
498 499
330 360
440 445
42 254
229 489
159 335
30 269
294 327
386 472
493 498
213 327
399 444
266 296
330 356
75 372
63 130
353 461
103 451
183 243
401 468
83 230
125 482
239 484
318 397
459 468
188 477
173 277
429 438
153 444
326 371
15 281
161 416
330 420
340 430
220 476
3 54
77 289
184 419
263 339
329 347
461 462
118 404
289 427
184 282
179 454
320 420
132 187
418 452
338 481
163 173
87 478
5 116
330 369
249 437
61 65
93 403
45 237
212 341
69 394
459 495
157 175
381 402
302 393
488 494
475 498
8 215
158 413
137 366
452 477
246 344
427 466
143 474
253 336
14 219
255 341
217 460
491 494
295 425
146 235
187 214
33 215
425 450
51 222
394 440
143 278
121 258
305 381
76 380
121 204
382 384
36 263
284 313
477 492
363 415
319 375
191 205
485 496
185 291
319 475
437 472
90 249
329 414
271 322
456 486
472 484
196 320
138 379
353 369
300 406
202 334
325 415
150 160
309 391
68 416
363 369
92 197
174 244
149 199
444 497
116 227
125 179
143 334
427 487
84 419
333 407
342 408
202 281
376 456
361 431
272 322
121 406
247 456
367 385
68 373
488 495
346 378
284 391
229 484
414 444
298 316
446 487
334 456
131 428
147 467
494 498
414 471
169 268
461 481
33 170
490 493
103 210
311 329
47 440
178 392
447 451
88 200
95 137
439 494
34 98
405 462
352 442
423 471
427 478
358 376
220 380
242 280
328 498
136 339
300 407
226 420
315 369
207 463
425 461
39 62
371 390
461 468
464 492
145 289
256 435
124 303
274 480
57 441
248 305
311 339
123 267
328 412
50 266
375 465
478 497
324 465
50 209
490 492
258 338
338 379
256 394
113 486
426 429
87 379
187 402
197 335
282 480
154 236
318 322
282 395
382 488
309 496
108 417
232 397
344 435
283 452
267 472
144 407
5 187
400 404
405 453
215 318
439 441
384 435
36 362
377 435
56 327
119 342
232 324
492 499
229 236
71 446
72 333
3 74
419 477
383 425
111 123
55 245
344 493
124 446
152 371
281 325
110 452
493 496
48 401
443 466
9 451
209 420
391 443
239 459
280 468
35 87
147 448
270 312
437 471
285 302
259 459
175 342
244 421
391 424
418 472
223 272
365 383
22 174
289 326
71 165
81 265
467 475
99 135
83 226
150 423
302 330
193 493
407 438
251 328
386 453
252 272
133 446
181 209
446 474
370 425
378 411
408 479
313 335
293 309
176 197
402 470
320 474
424 468
196 441
113 313
265 451
193 438
341 419
219 321
241 454
476 477
10 367
141 411
319 398
396 483
103 487
408 459
103 487
171 179
417 478
202 231
34 61
429 475
484 494
338 374
374 488
294 302
277 498
345 377
447 480
117 216
479 490
472 480
227 360
484 492
320 330
81 96
10 182
90 343
261 273
188 241
34 139
348 423
361 387
82 197
473 483
102 313
91 144
386 398
89 331
65 309
115 332
403 454
129 460
141 480
336 388
107 162
20 198
105 371
304 445
198 347
293 343
439 441
382 450
335 387
296 459
343 448
79 305
316 474
144 393
392 410
242 499
24 228
348 497
171 227
218 331
234 239
15 136
62 371
369 373
95 353
474 485
2 344
55 491
54 191
120 355
194 446
274 483
459 473
156 204
292 466
376 393
221 309
359 491
434 465
32 150
30 90
366 456
154 414
449 462
41 378
239 416
236 444
494 498
126 487
190 384
159 389
223 438
380 437
371 391
172 224
13 161
295 337
227 243
160 227
440 488
392 455
399 405
51 488
332 472
24 397
412 466
198 496
362 485
322 495
304 499
24 445
125 168
440 478
427 493
218 244
465 492
419 442
17 326
107 179
381 451
144 252
406 426
378 403
367 499
52 164
31 439
480 499
343 372
103 232
357 408
367 485
231 398
18 296
316 486
18 286
200 217
172 250
68 133
13 234
477 478
259 377
435 450
278 423
211 368
109 342
20 431
91 210
6 94
274 370
47 52
336 406
14 339
478 484
104 272
147 436
394 487
428 440
422 429
486 499
236 398
178 437
32 144
6 196
426 447
469 482
265 393
455 478
112 306
232 449
244 251
275 470
91 132
36 488
310 430
121 184
91 292
319 388
130 293
473 488
497 498
372 374
50 491
411 447
450 453
382 484
31 97
129 357
495 500
105 257
480 493
386 434
170 372
16 69
415 493
20 167
353 419
192 211
222 441
460 493
46 75
63 233
174 370
41 168
362 368
75 308
127 494
259 371
20 409
189 318
115 219
338 447
164 213
76 211
164 446
267 492
349 467
368 415
354 488
261 304
349 442
184 352
98 238
298 351
56 73
311 444
300 418
41 125
259 299
198 245
459 489
137 478
34 43
271 408
449 463
122 296
112 285
37 469
54 399
12 273
230 351
362 427
51 263
143 175
153 491
212 311
222 341
82 267
441 456
376 454
389 445
403 457
306 349
491 493
43 132
81 145
138 198
420 478
313 452
359 447
155 264
202 325
267 426
128 449
249 468
234 235
493 494
414 416
404 471
194 235
169 370
373 383
341 440
330 396
445 446
89 140
57 456
181 493
154 470
318 373
85 238
317 441
310 388
469 491
20 462
198 437
265 453
445 463
384 452
37 247
187 470
397 471
447 489
96 457
153 155
216 300
389 478
205 454
105 312
74 274
225 241
335 475
218 459
33 330
116 151
242 363
165 238
218 475
408 453
488 495
98 253
60 471
420 423
71 187
34 205
396 456
86 283
370 444
468 482
370 459
347 457
424 428
235 387
154 459
311 415
183 268
375 472
267 349
401 462
22 227
313 359
314 480
293 345
331 409
27 94
402 473
54 97
164 482
307 361
159 213
11 103
80 100
438 454
449 457
362 444
427 451
60 345
204 276
357 381
178 446
438 457
403 449
324 337
125 183
353 442
206 304
484 489
355 441
453 492
230 264
476 494
104 369
93 364
292 394
420 450
464 491
3 356
8 14
81 87
410 411
399 402
447 481
54 171
290 420
484 492
75 228
64 143
111 386
140 250
490 495
273 368
192 294
374 395
347 486
362 367
398 454
361 469
59 193
141 470
256 299
152 299
464 478
232 490
124 347
311 403
397 417
171 485
112 229
299 373
426 461
39 141
59 345
51 328
216 451
1 235
391 413
456 490
80 448
86 350
77 235
278 343
451 485
182 327
408 451
391 475
418 449
99 220
283 478
323 342
290 392
18 165
273 356
473 478
259 314
25 381
6 173
103 307
280 361
17 70
215 272
333 339
19 127
19 51
248 410
275 421
2 143
56 241
70 411
161 370
207 356
418 466
371 454
65 189
189 224
185 390
79 468
27 226
255 451
241 362
51 363
383 452
74 166
279 343
49 69
28 273
303 344
460 461
412 490
9 261
2 116
180 338
152 267
260 324
31 89
27 53
383 443
188 227
421 475
7 279
411 455
475 488
445 451
469 478
131 408
162 437
218 351
132 487
188 459
387 480
74 361
426 454
56 328
113 352
317 347
343 441
300 492
147 422
217 243
247 296
115 242
482 492
201 461
309 379
204 256
320 443
308 324
320 465
286 361
306 379
34 251
224 446
442 457
52 182
42 44
62 283
393 472
323 447
313 407
291 311
481 484
22 474
9 87
209 344
79 443
152 457
359 471
373 466
177 300
267 417
29 149
320 464
434 441
84 213
443 459
296 450
243 431
339 483
449 469
243 267
22 158
406 471
280 485
4 100
260 429
265 346
140 480
417 475
462 468
386 419
493 494
350 417
460 464
34 387
276 292
49 65
143 159
236 404
283 387
447 491
228 387
70 164
19 132
379 400
304 374
424 430
50 334
449 459
58 207
64 378
462 495
218 400
400 447
181 416
47 86
43 166
210 225
95 105
482 483
370 433
218 319
436 487
366 418
77 200
36 320
457 469
19 411
160 235
192 351
345 375
254 467
399 442
429 430
147 355
217 279
38 39
390 439
226 473
71 279
4 250
342 404
144 196
442 486
415 481
3 433
65 135
118 139
134 458
388 474
256 362
69 75
155 438
119 425
476 489
118 494
480 483
358 471
254 425
278 345
179 358
86 187
380 430
352 436
308 356
14 207
179 351
405 447
479 489
119 327
276 457
485 494
87 474
61 174
325 389
232 397
266 406
462 474
246 306
368 422
313 391
482 495
225 242
455 481
416 473
48 430
424 474
15 92
176 212
348 369
445 490
364 432
482 483
264 377
322 410
249 439
7 46
271 377
262 352
451 476
1 132
156 350
124 442
366 442
430 434
239 330
433 487
420 444
439 485
364 471
171 483
97 422
208 408
259 332
54 79
477 482
235 300
296 489
448 457
244 343
8 396
2 126
324 364
491 493
215 478
254 299
235 267
356 428
232 382
106 144
408 473
302 308
278 455
421 485
58 432
350 456
350 398
170 361
379 489
26 315
32 465
500 500
1 250
2 250
3 250
4 250
5 250
6 250
7 250
8 250
9 250
10 250
11 250
12 250
13 250
14 250
15 250
16 250
17 250
18 250
19 250
20 250
21 250
22 250
23 250
24 250
25 250
26 250
27 250
28 250
29 250
30 250
31 250
32 250
33 250
34 250
35 250
36 250
37 250
38 250
39 250
40 250
41 250
42 250
43 250
44 250
45 250
46 250
47 250
48 250
49 250
50 250
51 250
52 250
53 250
54 250
55 250
56 250
57 250
58 250
59 250
60 250
61 250
62 250
63 250
64 250
65 250
66 250
67 250
68 250
69 250
70 250
71 250
72 250
73 250
74 250
75 250
76 250
77 250
78 250
79 250
80 250
81 250
82 250
83 250
84 250
85 250
86 250
87 250
88 250
89 250
90 250
91 250
92 250
93 250
94 250
95 250
96 250
97 250
98 250
99 250
100 250
101 250
102 250
103 250
104 250
105 250
106 250
107 250
108 250
109 250
110 250
111 250
112 250
113 250
114 250
115 250
116 250
117 250
118 250
119 250
120 250
121 250
122 250
123 250
124 250
125 250
126 250
127 250
128 250
129 250
130 250
131 250
132 250
133 250
134 250
135 250
136 250
137 250
138 250
139 250
140 250
141 250
142 250
143 250
144 250
145 250
146 250
147 250
148 250
149 250
150 250
151 250
152 250
153 250
154 250
155 250
156 250
157 250
158 250
159 250
160 250
161 250
162 250
163 250
164 250
165 250
166 250
167 250
168 250
169 250
170 250
171 250
172 250
173 250
174 250
175 250
176 250
177 250
178 250
179 250
180 250
181 250
182 250
183 250
184 250
185 250
186 250
187 250
188 250
189 250
190 250
191 250
192 250
193 250
194 250
195 250
196 250
197 250
198 250
199 250
200 250
201 250
202 250
203 250
204 250
205 250
206 250
207 250
208 250
209 250
210 250
211 250
212 250
213 250
214 250
215 250
216 250
217 250
218 250
219 250
220 250
221 250
222 250
223 250
224 250
225 250
226 250
227 250
228 250
229 250
230 250
231 250
232 250
233 250
234 250
235 250
236 250
237 250
238 250
239 250
240 250
241 250
242 250
243 250
244 250
245 250
246 250
247 250
248 250
249 250
250 251
250 252
250 253
250 254
250 255
250 256
250 257
250 258
250 259
250 260
250 261
250 262
250 263
250 264
250 265
250 266
250 267
250 268
250 269
250 270
250 271
250 272
250 273
250 274
250 275
250 276
250 277
250 278
250 279
250 280
250 281
250 282
250 283
250 284
250 285
250 286
250 287
250 288
250 289
250 290
250 291
250 292
250 293
250 294
250 295
250 296
250 297
250 298
250 299
250 300
250 301
250 302
250 303
250 304
250 305
250 306
250 307
250 308
250 309
250 310
250 311
250 312
250 313
250 314
250 315
250 316
250 317
250 318
250 319
250 320
250 321
250 322
250 323
250 324
250 325
250 326
250 327
250 328
250 329
250 330
250 331
250 332
250 333
250 334
250 335
250 336
250 337
250 338
250 339
250 340
250 341
250 342
250 343
250 344
250 345
250 346
250 347
250 348
250 349
250 350
250 351
250 352
250 353
250 354
250 355
250 356
250 357
250 358
250 359
250 360
250 361
250 362
250 363
250 364
250 365
250 366
250 367
250 368
250 369
250 370
250 371
250 372
250 373
250 374
250 375
250 376
250 377
250 378
250 379
250 380
250 381
250 382
250 383
250 384
250 385
250 386
250 387
250 388
250 389
250 390
250 391
250 392
250 393
250 394
250 395
250 396
250 397
250 398
250 399
250 400
250 401
250 402
250 403
250 404
250 405
250 406
250 407
250 408
250 409
250 410
250 411
250 412
250 413
250 414
250 415
250 416
250 417
250 418
250 419
250 420
250 421
250 422
250 423
250 424
250 425
250 426
250 427
250 428
250 429
250 430
250 431
250 432
250 433
250 434
250 435
250 436
250 437
250 438
250 439
250 440
250 441
250 442
250 443
250 444
250 445
250 446
250 447
250 448
250 449
250 450
250 451
250 452
250 453
250 454
250 455
250 456
250 457
250 458
250 459
250 460
250 461
250 462
250 463
250 464
250 465
250 466
250 467
250 468
250 469
250 470
250 471
250 472
250 473
250 474
250 475
250 476
250 477
250 478
250 479
250 480
250 481
250 482
250 483
250 484
250 485
250 486
250 487
250 488
250 489
250 490
250 491
250 492
250 493
250 494
250 495
250 496
250 497
250 498
250 499
1 500
249 500
