5
493 499
302 428
132 351
164 297
214 371
355 368
73 111
404 493
128 408
213 283
107 366
252 285
236 328
355 448
166 384
292 493
47 276
238 326
376 481
356 431
104 399
86 147
267 487
106 325
328 348
64 134
92 179
169 338
492 493
324 440
61 79
87 152
367 393
205 254
408 442
360 424
17 184
364 365
254 485
324 430
366 487
41 444
357 429
25 79
173 259
95 200
421 428
279 307
161 466
195 232
207 262
343 442
419 426
112 354
5 17
365 370
121 409
377 411
396 478
57 298
69 420
57 290
391 460
390 411
177 469
387 450
457 460
414 490
265 395
108 277
98 319
455 493
127 484
216 326
411 473
49 230
154 447
201 287
209 333
273 483
243 369
361 417
186 221
424 487
246 347
436 474
45 97
370 383
95 438
165 194
124 267
316 397
167 271
12 281
429 433
22 476
151 448
183 431
10 44
70 441
236 369
382 438
452 472
323 485
197 245
332 336
161 315
131 198
308 332
249 315
238 384
161 444
253 332
198 402
265 419
367 435
366 390
303 341
172 266
366 454
78 129
422 488
177 435
381 453
249 328
478 480
219 253
470 477
77 434
453 490
224 385
304 320
244 245
158 457
41 327
2 90
428 429
427 467
39 229
223 269
418 490
355 487
478 493
75 152
399 474
98 266
153 329
189 395
426 488
284 486
123 383
347 443
40 479
326 408
321 454
428 448
123 124
21 477
250 280
215 356
287 490
141 262
337 443
369 441
452 460
32 127
203 391
299 444
30 262
488 493
134 460
133 321
316 449
392 408
459 460
492 493
350 430
11 386
193 387
249 405
418 491
116 161
375 414
68 273
7 254
480 484
474 482
189 434
237 306
211 306
173 357
155 334
78 177
108 179
231 270
256 461
288 464
356 469
61 366
302 305
429 437
159 198
385 458
405 493
474 482
279 340
52 312
363 442
409 488
431 488
389 452
71 360
287 324
73 357
467 471
310 461
346 417
452 456
107 282
137 208
103 412
107 313
376 417
248 259
77 136
477 481
421 473
201 251
113 288
251 310
359 405
327 340
344 480
116 305
92 282
256 290
333 422
84 253
261 491
460 490
48 190
29 299
101 428
211 244
23 309
485 490
383 475
38 198
489 493
355 436
120 462
3 68
170 490
294 490
19 107
309 428
268 299
436 446
100 228
196 235
338 488
264 359
417 447
151 160
119 292
4 426
280 302
33 479
67 131
220 246
74 459
227 417
63 206
281 359
21 312
490 491
260 464
347 467
156 454
37 200
116 472
348 416
282 476
159 316
245 493
222 447
475 492
99 236
296 489
305 421
78 411
478 484
143 334
303 318
392 473
189 307
47 292
302 365
443 492
428 440
298 303
458 484
4 313
437 448
419 456
352 435
102 242
182 234
105 375
379 439
457 471
254 312
136 367
247 376
212 437
141 426
480 486
381 430
215 373
416 436
244 419
257 263
237 356
54 348
136 459
128 430
191 338
117 223
79 254
358 402
131 317
214 448
318 475
326 364
118 212
236 476
435 458
241 467
247 339
93 180
91 202
270 341
138 259
490 493
424 470
408 423
466 493
126 419
192 217
418 492
119 354
334 449
344 386
415 455
208 250
144 282
481 490
336 469
266 455
156 462
211 420
357 432
315 387
478 480
449 480
88 480
340 381
398 409
271 380
96 378
112 234
287 425
308 453
343 373
363 428
299 489
216 349
156 231
172 276
337 342
123 414
230 324
331 346
356 426
484 488
459 485
264 435
445 457
311 418
98 419
329 422
472 485
99 303
238 447
52 393
187 296
181 449
352 410
443 493
171 229
331 334
409 456
390 416
286 450
406 448
286 370
181 219
367 432
372 466
142 447
379 391
162 348
475 492
55 81
60 385
439 492
208 485
217 457
135 257
307 462
281 301
402 472
45 352
7 364
136 270
185 203
313 414
332 353
429 430
303 401
54 173
225 434
184 191
344 390
244 463
452 470
180 234
31 172
66 473
149 257
325 330
182 437
410 460
417 463
23 424
283 437
333 381
301 470
389 392
354 388
95 354
312 430
311 333
421 480
109 493
13 357
72 146
334 439
154 170
274 353
386 396
56 405
325 352
6 256
36 317
98 346
70 193
12 294
459 460
447 484
52 444
37 265
442 489
240 407
33 226
491 493
248 325
365 383
458 472
293 423
470 477
9 416
267 329
107 248
74 289
453 455
185 490
312 342
302 347
377 439
155 424
215 257
474 481
467 472
192 253
285 337
442 452
410 462
312 433
310 326
481 500
112 176
331 391
8 275
231 288
273 402
8 314
91 414
93 368
146 431
371 378
435 460
139 289
446 471
460 471
461 469
277 301
4 255
213 446
42 170
95 309
439 466
120 268
302 374
19 354
429 468
223 410
226 479
287 394
352 428
282 377
307 357
84 417
145 373
125 129
401 461
105 419
416 454
319 459
209 459
214 358
20 232
285 400
459 471
217 268
441 481
52 406
92 279
276 326
253 380
106 267
358 414
236 358
403 466
166 390
203 300
108 430
465 470
371 463
310 332
161 303
17 233
129 285
306 457
283 475
83 251
228 421
176 194
178 289
121 229
435 478
261 279
191 300
169 451
106 161
330 371
126 135
47 409
169 360
186 321
211 234
441 447
371 405
88 406
194 476
377 394
176 404
199 403
309 338
327 363
331 433
47 286
282 402
444 454
372 411
223 340
387 411
119 442
319 345
261 262
420 481
412 460
99 453
344 417
184 280
80 343
125 218
271 329
220 356
159 336
458 469
135 329
147 425
55 149
368 389
192 251
96 128
202 446
406 412
288 334
335 477
367 381
167 461
175 265
77 381
193 291
83 403
314 449
362 401
478 481
366 460
81 260
30 327
202 429
80 268
137 394
66 136
234 430
211 386
442 445
211 347
329 409
376 409
353 376
434 481
310 438
450 455
383 418
135 142
36 210
216 425
440 466
89 110
265 299
40 398
278 395
471 481
32 80
319 465
420 442
114 164
263 408
178 338
211 287
193 262
290 327
472 474
344 420
124 350
341 393
301 465
363 399
321 446
46 187
273 375
234 280
434 448
345 463
455 461
404 466
85 360
105 296
215 460
47 290
243 411
118 329
140 300
258 459
282 311
186 453
23 373
443 475
346 370
435 441
202 335
203 262
235 421
196 268
125 439
389 435
230 341
307 389
268 385
67 463
8 445
268 444
343 460
193 340
371 373
61 110
385 481
447 456
364 480
312 313
114 182
259 445
93 363
213 354
373 385
437 439
84 401
237 480
251 290
1 48
131 471
320 474
118 430
25 98
254 333
336 424
222 223
145 185
65 444
195 279
399 454
33 459
231 275
261 420
457 481
102 431
435 447
36 235
431 479
33 282
267 300
274 356
297 326
374 470
88 122
166 462
99 359
462 467
136 356
283 311
299 472
182 265
396 423
48 156
22 91
190 416
282 434
7 239
91 232
250 293
459 478
262 313
87 427
293 479
318 442
24 399
72 476
249 252
276 466
45 358
114 115
56 268
114 418
150 178
477 481
455 464
355 361
266 356
180 473
301 445
51 311
260 399
263 342
120 176
212 348
34 439
427 445
312 403
61 181
231 408
437 458
67 131
262 321
90 170
226 363
239 461
398 473
358 413
274 341
155 188
309 409
56 244
104 441
166 205
386 472
388 406
300 424
150 406
382 463
256 436
458 461
435 473
214 339
38 203
48 366
73 240
286 418
150 178
243 330
426 428
361 367
50 102
331 352
137 327
305 472
65 451
82 204
288 373
149 243
461 478
41 80
235 255
182 416
229 246
51 372
298 300
442 469
316 479
88 333
131 414
297 299
296 314
356 437
350 351
466 473
387 420
357 422
360 428
391 439
333 393
336 358
369 463
317 361
8 84
253 385
302 394
269 299
378 421
70 345
407 421
181 312
271 367
204 423
361 380
440 480
277 420
19 206
101 153
282 442
254 311
449 468
399 416
69 382
2 449
322 466
304 348
230 361
90 372
6 179
181 241
401 435
102 108
322 362
430 454
89 153
359 361
235 337
368 454
25 340
70 281
191 225
180 188
430 441
299 474
476 477
341 403
474 477
231 327
6 292
342 419
98 398
363 478
389 452
313 383
305 375
270 395
4 216
361 418
83 205
43 119
52 88
209 351
91 144
1 48
7 123
322 367
381 421
433 442
150 367
306 329
341 398
67 231
123 270
55 133
158 166
34 186
119 433
176 238
476 480
187 243
334 446
317 324
275 335
258 360
262 427
353 435
13 300
237 433
331 381
71 109
151 258
119 291
398 441
219 443
165 265
382 429
193 367
332 356
394 415
5 299
285 297
49 131
129 478
371 415
220 461
97 341
391 400
434 467
287 304
153 394
446 479
50 453
393 424
442 453
139 294
99 128
163 195
360 475
281 456
414 455
246 278
108 191
180 244
125 367
180 476
435 442
175 455
222 227
335 456
301 411
95 176
100 283
256 345
398 408
29 318
213 235
417 472
401 402
40 355
157 359
19 27
272 481
96 451
138 271
26 106
109 448
204 249
487 499
68 77
1 140
332 453
207 440
291 456
83 264
163 476
41 314
466 477
353 430
372 419
155 413
453 480
145 161
356 372
112 331
181 317
126 339
256 418
362 380
343 359
1 459
379 448
261 391
348 361
108 486
409 426
257 288
468 477
233 464
370 468
192 315
203 345
34 272
380 438
369 415
299 407
342 381
167 221
399 456
409 477
192 339
147 278
221 394
144 265
274 483
367 462
57 318
481 484
28 157
65 99
160 170
100 371
279 427
155 328
162 278
392 438
31 327
290 345
356 443
343 397
365 453
371 387
472 479
155 201
263 287
315 385
67 290
221 351
288 437
318 333
65 481
165 477
224 397
276 472
322 400
47 220
389 429
253 312
320 434
22 248
175 442
324 366
123 305
358 395
204 385
484 486
126 240
407 470
301 408
287 463
250 282
156 190
341 426
205 333
191 384
441 470
20 468
295 326
279 289
259 398
328 423
460 467
196 430
256 326
477 484
285 294
390 461
28 328
134 278
63 317
248 469
226 478
313 483
356 447
466 470
144 313
319 394
242 424
397 411
356 377
387 438
417 438
81 390
321 389
427 453
337 370
81 279
261 351
162 294
56 166
459 486
417 450
170 456
88 287
481 482
296 307
71 465
401 473
369 372
151 455
472 481
267 316
91 435
297 352
258 460
387 442
88 236
290 379
130 348
239 441
466 486
64 248
312 326
143 203
209 263
420 451
58 72
121 344
46 301
414 479
300 466
170 352
407 411
205 318
296 391
17 325
413 435
391 395
2 5
17 96
266 390
3 57
74 127
150 310
243 285
401 429
37 389
153 278
381 389
311 341
461 479
319 367
444 457
259 288
310 482
379 484
292 457
456 486
339 425
378 484
201 460
98 167
38 359
374 451
270 391
40 277
414 455
227 462
240 317
437 485
438 462
463 472
156 386
132 421
108 179
460 471
395 484
230 313
437 444
367 452
245 429
272 391
53 397
396 479
233 258
281 390
199 231
383 476
406 487
422 444
144 308
181 326
168 238
113 125
167 332
341 417
53 408
477 481
447 451
356 391
280 327
393 462
152 403
441 446
45 183
126 418
12 239
203 395
379 420
231 378
232 235
72 452
175 343
453 483
421 452
241 458
432 455
373 390
420 474
98 351
211 218
320 408
300 428
70 78
63 282
144 223
157 441
293 460
388 441
194 281
176 315
105 418
370 403
227 470
208 428
384 417
83 362
329 458
469 478
128 373
36 282
301 421
284 426
187 326
174 404
434 463
99 205
46 167
43 340
80 188
24 325
444 460
344 471
12 131
239 326
371 441
201 368
18 485
34 421
36 456
384 444
440 464
9 462
289 307
414 455
180 483
147 391
97 416
483 485
45 79
150 420
6 367
375 427
400 447
60 262
34 400
44 323
216 279
397 447
275 365
284 364
410 458
218 228
187 252
183 388
119 442
303 350
167 383
5 19
111 285
374 461
147 180
391 461
171 180
421 436
402 409
103 135
424 452
134 468
292 445
215 393
386 440
297 478
306 392
190 451
220 403
141 302
47 262
349 357
144 278
262 305
149 157
232 247
423 478
125 303
455 478
292 356
222 344
338 371
62 271
69 91
45 399
95 479
430 452
5 426
431 435
155 426
362 387
385 454
23 446
401 412
289 312
186 240
97 224
480 487
311 388
79 116
2 339
273 439
240 277
332 470
424 461
311 482
205 216
132 202
82 156
116 250
84 393
404 447
323 478
476 481
38 174
436 479
272 273
55 461
138 439
64 252
178 482
377 467
282 428
54 103
49 301
348 376
109 458
57 167
362 441
484 485
288 412
15 294
260 415
272 438
282 313
276 451
430 460
256 306
75 400
238 284
258 345
78 355
410 486
36 468
5 109
153 373
215 458
314 365
262 330
277 290
400 486
86 476
98 461
317 483
359 397
192 301
122 329
208 279
43 247
322 419
414 433
437 485
210 300
315 466
133 203
445 481
54 157
469 487
163 443
155 302
298 485
104 369
147 254
381 460
476 487
172 484
166 386
120 170
159 337
233 268
57 202
233 366
188 368
87 345
477 486
243 343
13 364
75 102
64 169
145 331
37 372
363 450
390 403
52 325
343 471
333 336
134 278
121 370
402 435
223 383
454 457
1 283
299 415
191 279
341 470
148 454
158 217
331 356
390 401
91 424
404 420
375 477
380 445
154 217
352 406
484 487
264 455
4 122
60 282
375 393
188 406
393 415
177 298
189 310
82 129
428 446
456 470
313 350
93 451
430 435
163 188
497 500
437 474
257 338
266 313
494 497
183 190
197 388
459 496
455 481
334 357
278 485
207 467
440 444
481 487
218 388
401 405
231 404
139 368
137 479
365 410
335 348
92 233
112 483
246 343
238 464
456 476
318 487
449 461
472 481
294 420
410 430
39 236
162 452
402 497
315 458
39 368
343 495
236 295
398 416
273 407
150 441
359 402
132 319
476 487
114 236
186 317
337 411
194 297
465 473
130 312
159 247
351 373
29 126
63 282
88 156
309 339
6 385
386 488
95 268
74 301
175 404
70 450
88 102
232 376
156 208
20 87
155 228
108 122
474 494
348 398
198 345
440 456
167 235
99 341
152 189
114 179
22 122
128 234
183 398
339 349
412 449
78 250
202 310
488 494
358 391
221 453
351 494
452 456
17 241
417 434
278 311
460 489
32 92
289 426
245 397
489 496
345 475
122 164
322 457
346 378
264 355
473 480
172 392
480 485
411 445
484 489
450 473
80 210
100 247
354 401
426 481
388 472
138 238
142 310
44 269
410 448
393 430
248 282
340 480
355 437
301 468
244 309
276 315
374 496
171 353
266 405
383 484
91 215
488 489
36 400
383 428
112 354
496 497
450 452
480 485
263 419
208 315
473 481
259 330
390 446
236 313
368 455
332 366
406 421
123 462
402 465
468 481
196 361
246 426
272 370
343 479
147 280
108 304
140 188
7 383
24 316
337 391
222 324
488 495
381 488
330 431
130 484
354 393
238 345
482 487
200 458
178 456
239 352
488 496
35 408
153 345
484 494
463 470
219 435
140 308
408 434
365 475
395 425
258 323
39 190
477 488
467 491
233 359
35 67
461 467
263 323
401 496
194 379
224 482
462 488
31 74
111 362
125 353
229 376
332 443
181 447
78 152
121 254
355 385
343 423
147 339
144 162
390 456
379 421
204 262
401 436
42 217
458 463
418 458
296 420
231 494
17 353
143 400
467 494
393 405
243 251
80 352
327 415
385 429
101 370
42 49
251 367
484 495
129 454
147 481
139 360
267 290
212 347
85 395
103 256
162 405
31 277
15 239
274 331
90 276
106 406
387 457
468 481
278 474
140 158
249 446
105 392
193 346
228 384
330 371
415 493
135 461
388 457
86 106
91 168
327 369
496 497
447 457
356 371
328 336
243 472
155 256
247 322
289 362
283 396
326 384
81 112
191 345
200 466
14 455
345 432
403 485
113 371
437 472
451 462
81 390
15 196
370 467
462 497
402 414
351 497
96 138
7 302
339 362
164 299
94 497
227 326
212 219
131 380
157 408
74 352
10 15
246 287
390 407
358 493
381 406
202 294
145 220
408 446
27 106
273 290
47 158
323 349
51 71
432 483
353 370
335 386
154 239
129 353
318 388
439 488
138 300
451 476
33 117
316 346
318 426
277 427
232 306
464 467
375 425
255 471
390 449
171 328
58 113
473 485
146 332
362 481
112 294
385 466
327 341
26 413
292 294
218 308
466 491
226 246
153 372
23 469
55 469
183 478
289 303
20 102
75 102
117 326
215 224
142 403
187 282
76 293
486 492
390 449
148 184
17 92
304 455
82 390
297 347
409 419
456 466
188 473
161 467
1 223
488 494
177 472
214 448
313 375
44 155
451 481
151 342
485 491
389 484
407 476
7 241
10 46
167 470
232 481
139 343
87 285
443 488
114 479
160 225
393 474
157 239
216 280
467 468
70 121
399 420
366 378
135 362
67 484
117 292
192 482
194 220
221 427
87 97
425 437
160 494
180 324
466 488
380 399
15 422
28 249
423 484
79 465
161 343
347 472
11 130
395 442
94 421
461 487
53 345
414 427
495 497
403 439
211 339
409 433
340 418
367 385
53 284
386 424
46 446
457 476
80 337
339 350
22 386
270 292
444 483
41 369
436 473
12 300
87 275
486 493
425 457
375 451
432 464
496 497
422 434
215 295
93 225
495 497
338 364
312 349
405 485
178 266
264 376
280 391
454 470
123 206
359 392
140 327
193 361
367 476
288 322
300 415
313 382
407 472
395 404
34 169
104 479
370 424
371 411
239 468
57 132
144 444
277 446
455 483
47 213
184 290
245 262
112 458
77 181
99 236
489 497
214 491
236 325
47 203
76 135
186 213
280 350
109 299
236 399
30 449
243 396
20 363
476 477
411 462
272 356
219 308
67 413
347 389
73 468
290 438
299 340
223 481
458 472
330 414
435 475
267 360
4 266
137 205
126 432
117 403
267 465
312 422
482 496
265 350
376 482
116 327
490 496
500 500
1 250
2 250
3 250
4 250
5 250
6 250
7 250
8 250
9 250
10 250
11 250
12 250
13 250
14 250
15 250
16 250
17 250
18 250
19 250
20 250
21 250
22 250
23 250
24 250
25 250
26 250
27 250
28 250
29 250
30 250
31 250
32 250
33 250
34 250
35 250
36 250
37 250
38 250
39 250
40 250
41 250
42 250
43 250
44 250
45 250
46 250
47 250
48 250
49 250
50 250
51 250
52 250
53 250
54 250
55 250
56 250
57 250
58 250
59 250
60 250
61 250
62 250
63 250
64 250
65 250
66 250
67 250
68 250
69 250
70 250
71 250
72 250
73 250
74 250
75 250
76 250
77 250
78 250
79 250
80 250
81 250
82 250
83 250
84 250
85 250
86 250
87 250
88 250
89 250
90 250
91 250
92 250
93 250
94 250
95 250
96 250
97 250
98 250
99 250
100 250
101 250
102 250
103 250
104 250
105 250
106 250
107 250
108 250
109 250
110 250
111 250
112 250
113 250
114 250
115 250
116 250
117 250
118 250
119 250
120 250
121 250
122 250
123 250
124 250
125 250
126 250
127 250
128 250
129 250
130 250
131 250
132 250
133 250
134 250
135 250
136 250
137 250
138 250
139 250
140 250
141 250
142 250
143 250
144 250
145 250
146 250
147 250
148 250
149 250
150 250
151 250
152 250
153 250
154 250
155 250
156 250
157 250
158 250
159 250
160 250
161 250
162 250
163 250
164 250
165 250
166 250
167 250
168 250
169 250
170 250
171 250
172 250
173 250
174 250
175 250
176 250
177 250
178 250
179 250
180 250
181 250
182 250
183 250
184 250
185 250
186 250
187 250
188 250
189 250
190 250
191 250
192 250
193 250
194 250
195 250
196 250
197 250
198 250
199 250
200 250
201 250
202 250
203 250
204 250
205 250
206 250
207 250
208 250
209 250
210 250
211 250
212 250
213 250
214 250
215 250
216 250
217 250
218 250
219 250
220 250
221 250
222 250
223 250
224 250
225 250
226 250
227 250
228 250
229 250
230 250
231 250
232 250
233 250
234 250
235 250
236 250
237 250
238 250
239 250
240 250
241 250
242 250
243 250
244 250
245 250
246 250
247 250
248 250
249 250
250 251
250 252
250 253
250 254
250 255
250 256
250 257
250 258
250 259
250 260
250 261
250 262
250 263
250 264
250 265
250 266
250 267
250 268
250 269
250 270
250 271
250 272
250 273
250 274
250 275
250 276
250 277
250 278
250 279
250 280
250 281
250 282
250 283
250 284
250 285
250 286
250 287
250 288
250 289
250 290
250 291
250 292
250 293
250 294
250 295
250 296
250 297
250 298
250 299
250 300
250 301
250 302
250 303
250 304
250 305
250 306
250 307
250 308
250 309
250 310
250 311
250 312
250 313
250 314
250 315
250 316
250 317
250 318
250 319
250 320
250 321
250 322
250 323
250 324
250 325
250 326
250 327
250 328
250 329
250 330
250 331
250 332
250 333
250 334
250 335
250 336
250 337
250 338
250 339
250 340
250 341
250 342
250 343
250 344
250 345
250 346
250 347
250 348
250 349
250 350
250 351
250 352
250 353
250 354
250 355
250 356
250 357
250 358
250 359
250 360
250 361
250 362
250 363
250 364
250 365
250 366
250 367
250 368
250 369
250 370
250 371
250 372
250 373
250 374
250 375
250 376
250 377
250 378
250 379
250 380
250 381
250 382
250 383
250 384
250 385
250 386
250 387
250 388
250 389
250 390
250 391
250 392
250 393
250 394
250 395
250 396
250 397
250 398
250 399
250 400
250 401
250 402
250 403
250 404
250 405
250 406
250 407
250 408
250 409
250 410
250 411
250 412
250 413
250 414
250 415
250 416
250 417
250 418
250 419
250 420
250 421
250 422
250 423
250 424
250 425
250 426
250 427
250 428
250 429
250 430
250 431
250 432
250 433
250 434
250 435
250 436
250 437
250 438
250 439
250 440
250 441
250 442
250 443
250 444
250 445
250 446
250 447
250 448
250 449
250 450
250 451
250 452
250 453
250 454
250 455
250 456
250 457
250 458
250 459
250 460
250 461
250 462
250 463
250 464
250 465
250 466
250 467
250 468
250 469
250 470
250 471
250 472
250 473
250 474
250 475
250 476
250 477
250 478
250 479
250 480
250 481
250 482
250 483
250 484
250 485
250 486
250 487
250 488
250 489
250 490
250 491
250 492
250 493
250 494
250 495
250 496
250 497
250 498
250 499
1 500
249 500
