12
0.183 0.101 
0.636 0.449 0.076 
0.455 0.224 0.117 0.074 
0.977 0.710 0.632 0.058 0.007 
0.221 0.182 0.042 0.005 0.004 0.003 
0.953 0.851 0.847 0.826 0.284 0.162 0.118 
0.962 0.242 0.229 0.206 0.115 0.094 0.083 0.039 
0.840 0.435 0.323 0.304 0.038 0.028 0.008 0.004 0.002 
0.807 0.323 0.227 0.151 0.051 0.006 0.004 0.002 0.002 0.002 
0.258 0.154 0.142 0.061 0.038 0.019 0.009 0.009 0.004 0.002 0.001 
0.204 0.142 0.131 0.091 0.025 0.007 0.006 0.002 0.000 0.000 0.000 0.000 
0.705 0.198 0.153 0.032 0.022 0.012 0.010 0.007 0.003 0.001 0.000 0.000 0.000 
