91 3
67 69 14 
10 54 17 
45 19 47 
2 67 61 
63 86 65 
45 61 83 
51 7 95 
24 40 76 
63 54 43 
4 24 57 
34 10 31 
54 80 64 
48 64 47 
88 47 68 
91 90 18 
8 58 5 
82 91 54 
10 41 62 
20 56 18 
32 7 20 
28 40 13 
63 74 89 
68 15 26 
79 92 59 
4 74 39 
57 48 54 
100 61 38 
31 62 84 
0 90 22 
35 79 91 
53 66 11 
18 54 48 
3 44 100 
39 9 33 
15 55 34 
60 14 82 
93 72 60 
86 19 38 
11 19 28 
41 74 63 
75 54 13 
27 26 16 
39 2 44 
47 81 69 
88 33 27 
100 79 92 
31 60 71 
37 26 67 
27 0 51 
13 30 50 
39 92 49 
28 54 10 
16 93 91 
22 35 18 
73 50 10 
72 14 86 
27 46 29 
25 70 49 
50 7 81 
15 11 40 
21 98 86 
55 35 88 
93 45 37 
55 74 60 
16 3 62 
45 86 17 
10 63 69 
7 77 14 
39 78 15 
66 99 19 
48 11 67 
67 72 77 
49 44 29 
52 95 81 
3 81 31 
17 63 82 
69 28 99 
52 22 59 
7 32 27 
98 81 73 
46 59 19 
99 13 47 
47 18 97 
21 35 87 
15 82 44 
78 35 97 
56 82 94 
19 96 90 
50 78 71 
44 43 70 
42 71 73 
