18 18 306
814456570 167162516 655551637 899623878 551699207 136482993 881851665 868394187 660888927 547692163 399289553 234524971 946039702 925682512 884085241 248641862 996561415 430549227
15 12 618716856
14 5 974670564
2 6 829809640
2 14 191200738
5 4 814156712
15 17 527890194
16 14 210043282
8 5 324059555
14 15 278681562
8 10 148033834
10 14 757091650
18 11 431499498
7 6 711451856
18 12 861724774
16 12 716227807
11 9 114692508
17 18 967029517
13 15 353207710
1 3 570869418
9 14 202563764
3 2 976262457
4 15 195801557
5 9 694436782
15 11 609401042
11 15 403751183
1 3 812459466
13 11 959052104
16 4 734500571
14 17 785629504
17 12 119893294
16 10 415039305
10 15 740810754
1 11 520639430
8 2 664633541
14 6 279091156
14 4 569179516
5 16 829158378
13 15 507663077
3 6 968565182
10 2 627897743
14 11 535702342
6 4 318498359
9 3 578315520
12 5 900643401
12 16 970610331
10 9 484965211
10 17 714337687
9 8 420592587
15 3 237234812
7 12 157954816
6 3 556450159
5 7 233703426
9 16 923138341
1 7 221726121
2 3 493787589
16 5 786723071
9 11 556959387
14 7 692645580
1 18 193056556
2 4 651572750
1 7 694457993
15 3 585359655
17 4 981291803
14 5 838432459
9 1 683816379
8 7 766477757
11 17 632180516
7 3 131947355
14 9 712120264
4 5 585021440
18 14 495990618
10 5 912824006
10 9 580461611
3 1 806794634
15 13 626533019
6 9 302794647
12 6 377011973
11 16 823729028
2 5 489321623
14 7 688095518
15 2 534318361
14 5 973193103
9 10 363603934
11 2 987912139
1 18 573386918
6 17 318520501
1 9 892307464
6 18 838982047
13 9 194653962
12 2 498151455
6 4 608575280
14 12 892905724
9 8 280939616
13 10 218961939
12 2 873438159
11 9 981004941
8 10 256255744
17 7 616313356
7 15 601758125
11 6 661894221
8 9 604057691
12 3 587002109
12 3 802867220
17 16 163314992
7 2 929275444
17 7 398925920
7 6 747413413
11 8 692471561
3 16 498220866
17 1 183857966
7 6 256043581
3 12 647047326
10 1 883104464
11 6 177658163
17 10 747922805
7 1 527677439
14 5 484270380
6 17 293523999
10 6 173373820
10 12 418877015
14 16 163952479
18 13 978961927
9 15 290230954
12 5 938983662
14 3 525443047
1 5 707375176
11 4 736743085
10 6 860463576
18 3 517666884
16 1 494859842
11 1 201247544
5 18 687676568
10 11 993489722
11 6 177159768
12 7 694101391
18 4 555158691
7 17 789693092
2 5 682471909
9 2 994013545
8 9 912789502
9 11 766499516
18 8 276117183
12 3 411336520
8 3 310949567
2 18 873409774
11 15 766161140
11 12 601937189
11 10 286614244
3 12 527144620
3 8 497462324
11 8 174323699
11 10 492208171
12 16 570514504
1 5 643112629
8 16 158470760
8 16 711620459
10 16 567824944
2 9 616931942
6 13 280724454
10 4 705982707
12 6 211605265
8 12 254087627
6 4 766002903
1 16 468588672
15 16 184107735
5 17 481742145
8 14 731679891
14 16 256085357
11 5 879032072
8 4 851369571
13 10 550664440
6 12 716858306
17 15 136169988
8 5 964715422
14 5 518903980
1 4 477602095
18 4 127450533
10 12 804776951
11 14 556138186
9 5 271796381
6 7 870723584
7 10 446421295
4 15 660854548
16 10 490634773
5 16 184607397
3 5 713968399
16 8 133982748
16 11 586635475
7 10 581054322
16 9 588049889
16 11 652032158
3 6 238768949
3 2 894343780
1 18 730877067
14 12 522853858
6 4 440649155
15 10 533300794
16 12 402496018
1 3 796918360
2 3 774627011
1 9 843555574
13 11 679438591
17 16 846313556
18 15 492927865
13 18 683956855
16 17 909154693
14 2 221731834
3 4 409792591
1 17 475739234
14 8 204076137
16 11 660280592
17 3 472097640
5 17 867069955
17 12 227497205
18 10 469759072
12 5 330012180
5 18 306352662
1 6 382064744
18 5 401943286
3 12 524316064
11 1 882093985
8 16 797903277
7 5 481519321
1 11 919366298
2 7 370185145
18 4 797731667
1 7 553756577
16 15 807896055
9 16 488746864
8 5 504248145
4 3 127691006
9 15 630469783
2 5 395586164
17 13 496728013
1 12 396639785
2 10 690394046
14 9 129533378
13 7 368537136
12 3 157905234
2 8 811488675
14 2 835424308
9 3 218919220
16 10 430921908
5 7 472819480
18 8 693006916
10 13 428799607
5 14 295645041
13 9 800169349
17 18 496874971
14 12 826958305
8 12 958847697
14 6 411881602
15 2 356049501
16 6 938770889
10 14 128098143
15 17 370201834
17 18 806444013
11 3 228974511
7 3 605453839
12 9 146642007
8 12 117711462
14 16 805832065
3 10 707839419
7 4 656959414
6 2 616666296
3 5 818243768
10 5 463088073
4 14 782013994
4 17 413323813
16 2 471537512
11 1 285224133
9 2 963109337
15 3 198733600
4 8 754459911
3 4 150528432
7 6 296036978
13 4 107062989
3 11 731210955
1 15 261224783
10 1 131278840
4 9 472123523
18 4 208400117
13 14 546147577
8 9 263814599
2 7 362623338
2 16 497764659
14 16 828034920
7 2 802930588
2 1 200212728
11 15 283502222
5 18 305477420
6 11 927240537
12 13 584598732
18 7 229851345
18 5 920674008
9 1 443613083
5 12 740115107
11 16 598457667
2 12 592534843
9 14 245815438
13 3 646917262
5 1 611726904
10 14 653630314
12 15 237540666
7 12 587509572
6 4 952911402
