2251
1500
2124
1679
185
147
21
1419
105
2433
838
536
678
1936
63
1420
205
1414
25
1879
0
922
669
2088
270
1572
1166
1134
1691
251
1679
869
93
6
821
1689
2547
77
1857
206
1309
809
2388
1206
1449
524
2268
270
1737
1264
528
158
483
1855
1722
489
1997
2030
1556
104
2166
1860
2408
1093
1817
916
2511
1649
2502
1071
165
2436
1260
2376
592
178
1692
2412
426
1827
2227
1453
2377
1746
630
693
62
1846
2162
304
1968
2391
828
1422
276
39
462
2055
1621
72
2100
259
189
746
2371
1248
2403
567
126
882
2394
1365
819
441
1217
2381
903
252
2457
2205
973
597
2040
1197
1839
2136
2367
1425
51
2151
1422
2131
1888
2427
1108
1128
910
789
176
1449
2402
2214
783
537
1218
645
2010
1106
1107
423
1210
876
1557
276
501
93
1860
1655
932
209
2506
2575
342
2442
892
1812
1124
1278
1570
690
677
2012
1513
126
779
1334
1293
1820
974
791
1415
1727
1284
1886
378
884
1152
1150
362
1174
45
924
1146
1989
1806
1544
2138
31
793
684
1714
1587
361
203
1903
2165
2397
781
477
398
1304
1800
1407
1134
126
1008
258
609
138
1827
847
659
863
1202
1715
928
1293
1958
504
522
1890
2079
584
2335
1057
588
21
2079
532
631
247
1089
1622
2461
780
2516
2370
1314
1404
2396
1628
1323
399
2289
2331
2007
1076
1795
1955
21
2150
200
1374
2532
1487
2400
601
1641
1925
2190
2091
63
86
1336
1323
1054
693
63
441
189
2169
1268
1597
1196
381
1575
2100
2362
387
1182
973
618
2447
247
1186
63
611
2315
1564
547
1941
2516
1272
1742
1974
140
1477
2025
891
2501
1761
574
1077
1851
2106
1968
1722
2535
327
0
2273
1522
2544
689
0
1508
1389
1896
554
2483
68
960
1419
59
588
469
1344
2259
448
511
123
845
1934
1622
1910
1386
676
246
2428
1087
2373
1086
1706
2205
1130
1630
777
1326
1094
1444
920
173
1398
2157
1240
888
1350
2379
1386
1944
999
134
616
103
1388
837
451
1443
1281
1600
566
573
1623
1873
620
946
2436
1551
1089
2484
1431
2149
2308
721
2407
454
964
392
1470
2523
1840
2068
2259
375
1242
28
831
1893
2268
27
116
927
713
1107
630
711
886
701
1116
1698
1161
639
1223
903
1136
502
2232
2379
1961
1962
2238
162
1829
1796
1072
1741
608
58
768
461
1454
1194
1388
2449
2457
1107
732
1617
1894
2475
520
136
1572
1902
553
497
1192
1683
1278
2223
474
2448
1443
1036
2142
2296
975
2550
2403
2497
1035
2244
156
2374
844
928
1947
296
1763
2214
2260
1768
706
2049
2205
2541
1769
1707
248
2411
1713
743
1070
1629
234
880
2524
1222
2163
740
997
1760
1741
756
440
1298
2548
1789
1216
2520
2343
764
2462
594
2493
1785
1863
1471
1535
2365
630
1278
1591
0
2340
1830
651
1092
567
2457
601
2325
2090
814
1092
2502
1662
1279
29
332
1487
1828
26
2306
1748
1310
315
2220
1158
1941
2408
164
330
2308
2480
722
234
2003
1692
2259
432
1494
513
450
981
552
1755
675
1647
486
1989
2142
2001
1014
450
1893
1722
1659
196
191
1134
931
2151
1729
1523
1197
1734
909
2140
352
2415
1206
2205
1071
1179
1086
2556
468
249
856
1249
1511
1450
2345
406
2214
171
423
1812
185
291
277
1542
364
217
1760
1376
2314
1009
502
2106
916
1431
1555
1160
1339
38
1009
120
2373
470
447
2140
1611
656
1968
1740
116
1250
2246
2518
274
534
17
652
1461
1533
336
1424
1548
2217
501
2448
659
485
1575
918
1223
1771
1026
1722
949
445
1943
320
2178
274
1785
126
2443
1876
1695
1158
1504
2238
0
724
496
2073
2310
1566
2514
2464
1115
199
612
618
2276
1729
2543
1219
2426
2260
513
2394
2232
1743
63
562
198
1671
1643
2205
2104
1062
1857
864
414
216
459
1629
2079
1875
2286
1195
1494
1759
1612
1448
395
394
2445
750
1295
1877
2030
592
2182
2070
2467
550
1476
1554
1362
1517
1230
661
2286
2541
614
2377
925
899
565
346
493
2016
630
1278
1008
1521
383
234
1086
2032
861
2030
1230
997
582
2154
2568
291
556
207
1229
1341
527
494
1066
1635
2562
2572
2205
2206
1788
1731
1644
2219
2024
1489
2367
867
2259
1485
1881
1809
1338
938
2551
901
1568
1482
2394
1134
458
210
1102
495
1740
1134
534
1245
297
2223
2196
1260
2006
1331
2200
1332
507
547
495
1422
162
1713
2070
1377
2039
2371
743
26
1327
1801
1482
907
1916
333
2174
1623
2458
1391
1575
42
1412
2097
353
2013
441
999
1536
2227
1094
1483
1893
108
963
2052
609
849
2508
2037
352
72
1468
1962
1812
1510
747
2274
1890
1099
1643
1980
2242
1728
727
591
63
504
27
1043
2514
1764
1015
343
1422
1680
1039
809
1922
909
1817
64
1057
636
1440
2350
2176
119
2389
2478
2578
2027
2378
2434
2106
1014
1326
1171
1568
2142
1429
1007
195
1176
539
1413
2411
2065
1736
2485
424
1365
1432
592
2
1581
603
1611
1683
2331
2088
2424
2268
2058
1871
703
1944
1878
2046
222
881
89
2570
775
94
1118
1361
1985
1546
1208
1918
785
260
506
725
1892
189
1096
382
363
595
88
1594
1132
1695
484
1453
2394
2036
2057
1290
693
252
2561
891
2323
116
250
460
196
1987
2019
819
1125
1396
621
300
740
1656
840
465
377
724
2294
1842
1443
1875
1871
1269
408
1388
1827
36
1026
2280
2227
1917
487
1278
1039
1449
759
1958
455
396
719
1008
2108
1609
1531
1681
12
788
135
1859
1848
1813
873
1580
2457
1755
1333
2040
831
117
740
1899
1612
1659
1545
2329
2277
2565
1389
2334
96
930
424
1001
832
299
2325
660
1375
271
2180
1255
1140
1894
2539
2094
255
1681
2332
2103
2529
848
2268
221
1831
652
1274
619
1115
1320
140
2016
2261
1269
1112
1072
918
290
1008
2212
1979
1175
1647
1173
663
987
1410
33
1548
308
2478
269
2247
259
189
1323
603
2178
2181
1169
542
1473
1881
1782
648
1100
119
135
1797
2148
1503
2222
1878
2439
2394
287
643
105
527
1073
1465
462
1600
1865
462
966
504
2248
645
1065
2407
2082
60
378
720
524
1762
2132
197
148
738
931
538
1065
1967
1264
729
1098
763
1386
288
1911
1288
360
2514
2148
2325
475
885
2007
1179
1961
504
1376
896
1465
1166
672
1071
777
2403
2045
198
189
320
1641
2004
216
869
2494
1728
1656
772
423
2430
2061
1638
1386
2544
2515
660
1638
775
924
327
1878
2164
2132
1965
2471
1099
1453
1791
328
510
445
1682
1378
286
562
2558
2207
273
1095
252
630
1340
5
1559
1953
1230
1054
2559
1822
259
483
117
52
648
1470
225
2474
2319
517
2322
1557
666
2248
1855
1582
1267
1463
73
1025
7
1110
1575
1071
1833
1313
1908
501
855
2016
1284
335
1835
2205
605
1305
1467
2514
684
2457
132
1009
2474
1978
2041
1692
1386
396
2160
684
1899
2268
1323
2237
46
1589
2213
585
1817
2239
2086
820
2070
1243
1780
49
1439
204
1197
2331
1596
1918
147
578
2358
1123
195
1569
1303
1644
435
1008
1092
884
1974
18
844
875
629
1907
1967
448
2287
830
1773
441
1445
573
2016
1094
1745
1922
1060
1365
376
1134
1761
1563
1675
434
561
457
6
10
33
1437
2079
108
81
2508
1735
2062
556
2159
577
2516
1958
1415
2565
684
1493
1643
606
726
1231
616
437
1317
2300
1748
2323
769
1979
675
1845
549
159
1692
1593
2416
2187
1449
678
2336
798
126
1162
1015
2422
1314
1332
1508
441
2555
2277
639
1284
1575
1386
742
1345
592
1510
14
761
1593
2316
1411
2555
1404
1183
0
1939
1106
966
1095
58
2049
2536
1447
640
1031
1659
429
1808
298
868
753
1952
1149
686
504
630
803
2154
1358
118
604
1296
100
1928
1803
1764
2554
2323
2054
189
846
413
1844
383
1219
2456
2063
2105
1928
2397
2529
1764
1512
2214
2124
1468
1043
558
997
791
863
1613
1002
2504
961
490
56
2295
585
1107
1105
2213
1205
580
461
1988
1577
1768
215
705
38
2394
111
882
1701
984
2420
206
98
78
2199
1317
1575
2460
737
738
1107
1845
1278
2403
1872
1986
2358
2016
1833
1395
2475
891
2235
1569
2545
777
2254
2053
1603
677
2319
1449
1323
1619
761
1830
2366
1140
1569
1386
1014
561
378
2352
81
1428
1907
1446
133
2331
435
1829
1733
569
249
1876
697
1106
2018
404
144
1071
2097
1377
189
2457
1628
798
2273
741
1690
531
1569
225
714
366
630
56
1219
2281
992
425
1525
1764
2514
2016
2568
2249
1314
2511
1091
108
177
2109
2079
2227
2055
916
1427
396
1842
2478
441
2457
1018
2543
1431
679
560
2349
1461
734
2479
1594
0
2409
1024
1925
1389
1968
2150
1934
2295
54
644
620
577
2439
491
55
357
183
70
2
2138
621
262
1370
1193
2090
750
1218
1935
2299
972
1294
1233
1878
1085
1332
1393
2577
865
899
2322
2313
2217
2512
2522
2319
738
792
2451
1224
1803
721
2433
2159
844
1473
1686
1276
628
154
434
714
1140
234
1892
2190
2479
1087
1888
582
2091
440
1815
1802
1696
154
1638
1538
2286
1509
1933
592
1725
2033
1748
2574
2277
765
441
852
2473
455
119
175
1807
1131
2451
1825
795
705
525
2436
714
2058
1554
783
1260
1239
2333
1688
14
740
1245
1671
945
1314
882
1071
1134
648
2331
90
2478
1857
1443
2268
2376
2106
678
1458
2517
660
561
643
2287
267
1494
1917
207
1020
1891
2502
72
40
1484
1053
1914
1800
0
630
1000
315
1459
1689
1910
0
945
360
2142
1872
83
2184
1407
2028
295
869
1588
1254
2449
2040
818
81
40
944
1869
702
571
1138
1570
1818
1532
1997
421
229
194
1677
548
1830
1020
1418
1624
1460
2364
2190
1602
1752
86
1971
315
1953
1637
577
58
2258
806
113
1566
1853
1859
1875
989
233
1818
576
1141
1831
1638
1324
977
1978
2142
2214
693
1347
1333
2175
1865
553
2577
1533
819
495
369
936
255
684
1688
1179
870
1699
117
1056
645
245
1288
1743
1953
1269
2404
958
2182
1725
1425
1491
741
982
108
616
1152
450
903
2264
2496
454
1844
756
1368
2348
1439
1855
1992
716
807
2007
945
1719
594
1874
1729
945
2464
878
728
2073
1896
21
2406
2074
475
1792
2230
840
911
1983
1728
1836
1344
407
972
1038
336
728
1394
41
2391
214
614
297
700
422
19
1673
1372
1465
2302
520
1528
1742
816
165
441
1194
780
1259
1946
2116
472
2564
1556
2100
1840
1351
588
2121
1470
942
744
1407
1721
1876
1940
517
1898
1606
1505
2248
613
1099
1614
1656
51
2487
1259
2325
1056
1941
95
1772
345
2516
1545
2529
1967
900
873
2232
369
1346
1432
1903
1065
32
1346
2367
2194
383
423
1350
1420
872
1058
1847
1107
1904
1668
262
2085
1630
1445
713
1813
2286
1653
99
1832
2198
1663
1981
1649
81
1026
2248
1148
2451
1476
1242
989
1647
378
1260
1827
886
1264
1287
1070
2420
601
75
1560
2027
2411
377
1225
303
1552
481
2559
1758
1997
2268
1519
2394
2268
23
885
2379
1107
525
2189
1480
2444
1460
360
1782
2070
1692
1197
1638
858
2436
462
390
2352
2076
183
356
1947
1244
63
657
564
882
611
563
249
1744
891
236
1427
2521
2151
1638
1449
777
1080
1611
2406
1122
1717
1141
1491
2114
449
1351
267
1056
872
1522
1453
945
1605
2522
399
693
399
468
399
770
2021
2051
2380
1535
1769
1750
2166
498
1803
1033
1199
872
333
214
1323
2239
756
1560
846
1864
909
1341
1280
2328
2458
1266
522
112
2163
1532
997
45
930
1628
758
1791
1134
1107
1983
271
154
116
1947
373
1011
332
0
2509
1697
378
2372
81
939
417
534
756
131
1047
945
1207
1062
18
472
2042
0
1745
1764
495
1058
574
169
1122
1215
1065
2279
1656
1428
1288
2022
21
1974
820
2170
1797
1449
1444
1233
2493
1732
922
1394
123
1840
138
1954
2272
826
1512
243
1098
2013
1617
1170
253
74
1399
1954
2117
1331
1126
416
1564
1158
1434
1602
1353
2247
1995
2535
399
721
834
1716
684
568
2331
308
173
1375
174
2195
2367
1209
1653
1850
1655
1886
1260
1155
1688
35
1748
182
2373
2192
2142
2401
463
1359
748
2400
1513
1492
1186
394
126
0
1925
2253
2118
264
26
938
1934
498
1946
1722
630
951
2085
2097
1487
630
2222
1743
1307
1554
1050
2527
1218
936
561
69
1917
1971
1341
603
943
1395
684
545
1743
343
444
891
1799
1594
352
2017
41
1971
2246
2301
1462
1421
1872
1688
363
1743
2356
79
1875
2352
735
512
1305
1097
2413
1764
1387
1252
999
1093
1275
1592
1574
1342
361
1177
152
1521
1935
757
1727
171
729
2016
1675
1278
1259
1512
128
1668
811
2455
4
2185
395
2265
1530
1630
67
753
1134
1421
1299
590
676
1600
2375
745
1865
2305
989
1200
1937
105
477
1604
1483
438
124
437
2439
2115
1950
669
1805
1309
1289
2258
497
2146
1580
480
1854
2106
1914
1163
1596
771
2520
1689
1096
756
1127
1729
2331
1260
2463
807
81
1509
800
253
1359
365
1702
758
1223
1419
2518
1843
177
1740
1611
1603
816
87
112
687
714
216
1617
1718
249
1281
1460
1637
2163
2358
680
1614
2474
2161
1415
1463
1175
1815
1512
1908
309
2517
419
2140
2007
477
1591
1827
2145
1698
1008
965
479
2181
140
1198
1589
2529
353
1920
90
88
1444
151
1044
515
74
760
2103
252
1635
1827
1717
1002
32
1267
1834
2205
700
2309
2162
2259
1874
2127
741
1344
431
175
913
1686
323
2573
2062
948
465
315
1656
1440
1403
0
1782
330
2016
2449
1412
2313
1431
2288
804
1305
834
1278
1917
1518
714
2232
2412
1437
693
1656
1976
1086
785
884
1002
2204
1118
193
746
1633
473
314
1435
976
1074
2005
315
1285
1701
63
0
0
1316
820
2394
2025
171
1521
1896
1134
1307
1107
2072
0
643
186
1107
1857
107
2446
1377
1989
2132
1546
2297
1128
191
994
2366
372
438
1336
1092
261
2271
2525
2298
594
1193
1512
1827
2473
964
1367
469
58
0
1665
863
1942
1011
1882
1161
1924
1686
1080
126
1701
45
2029
2000
2054
235
1132
454
1753
1260
1470
1449
89
1577
664
952
1698
1658
253
1621
2448
338
243
146
2279
399
651
1953
1323
1260
1594
2262
1167
459
1414
1666
567
546
2548
1750
2527
1938
1197
273
399
2268
1906
597
1471
2433
448
1215
1036
640
2007
470
1095
101
2238
2029
1452
2078
2082
2081
103
1965
2308
42
970
338
1512
2520
1707
726
150
936
1291
1316
906
675
756
0
1701
2052
2268
1512
1449
123
2500
2230
410
2224
1732
1510
231
2430
1680
673
2325
1815
762
2119
197
1088
931
1035
1890
1616
883
2044
693
2070
769
626
2427
723
681
2199
1871
106
467
1702
1091
2436
2106
441
525
1101
1530
1101
1950
1011
2319
1890
1710
2556
306
249
2484
520
346
1251
2353
588
1271
749
1086
2567
1533
2475
2293
918
1469
1812
1257
972
1995
1492
909
146
1680
580
260
738
984
738
2466
492
0
0
0
453
872
1712
2012
626
757
2412
0
1610
1973
1394
90
961
2165
53
798
2370
371
1906
2042
1713
3
1108
2485
1890
692
549
626
1080
2128
1946
707
574
1730
633
1357
2070
1197
2052
441
2492
237
2277
523
1338
1400
1667
56
788
2214
1971
483
354
2333
321
1248
305
526
1484
1532
471
1916
1264
1405
1809
408
609
1149
264
2178
1956
1230
90
1407
1107
1476
1911
2097
1989
2385
252
1659
2445
468
30
1260
10
225
2441
1512
396
2500
1403
1166
1013
2111
936
1206
1110
633
1902
961
1883
1641
1752
2472
1683
1038
2042
452
1977
1458
819
2169
1098
1764
1619
1725
1898
2176
1257
2022
549
1493
1229
1357
1219
1974
803
598
864
406
1910
402
2364
1896
2574
207
468
1027
242
918
1032
945
1386
1365
468
1953
1638
1374
2401
1029
2331
2457
1524
789
222
2268
1326
1512
1688
466
659
1480
1482
574
898
2566
924
2512
1795
1248
1557
1496
1689
672
1792
1386
692
1710
1652
583
1965
153
2178
2473
327
1153
298
873
1662
2267
279
2272
1317
69
771
1906
708
874
1449
2357
737
2002
1621
579
1827
372
1475
1882
599
2180
1077
1515
417
1977
2510
897
1239
1626
105
273
1258
434
796
1213
699
2181
582
1292
2324
2430
337
761
1160
2558
1268
1986
718
210
1267
896
1824
644
1658
2296
2460
2226
123
1800
2433
248
1490
192
1601
252
1332
1622
305
1519
89
718
483
1437
2191
1815
874
2570
1386
883
595
436
1870
1000
2050
635
2030
2267
1394
1399
2264
1863
2163
2499
2422
893
221
2477
1691
0
18
2142
0
1105
1457
2296
630
0
940
1617
1365
215
660
660
484
2367
1573
2187
738
0
1742
1919
1071
1947
2190
2005
223
774
2130
1071
306
2079
2214
1395
1701
27
1386
441
84
343
0
0
733
1275
1417
697
1531
2198
304
161
2418
1615
2037
1359
1974
2313
445
1629
874
2318
1676
1491
1561
1284
2201
432
1794
2133
1386
2562
1219
1785
1161
497
1074
1867
1467
1793
2397
2196
1140
2114
2298
990
2518
1994
484
1209
945
392
1497
2182
1586
567
1923
312
93
1130
71
1565
982
359
2492
2566
1775
2195
384
2457
819
819
240
432
1710
321
2091
302
808
1188
2279
593
2466
375
1190
1506
569
822
2164
2389
1308
2502
498
843
237
2433
1101
1518
1338
302
0
1953
1248
2287
1449
1923
525
1969
751
1698
528
1770
1921
2479
2394
862
918
777
1446
412
42
574
2255
369
1275
2165
0
221
756
1152
1903
490
417
456
340
1645
216
1537
99
36
2322
2245
2485
427
498
1881
493
1806
1306
2150
1221
2316
0
1261
1220
2292
2124
626
444
1890
1062
1928
1379
1196
1616
1275
2094
1006
1100
1675
1023
846
1803
2447
816
1176
1949
1504
1257
719
1355
460
1639
1736
1524
1179
1333
599
384
1848
2310
252
2016
0
1905
489
1866
2103
0
98
738
2553
1857
2186
1878
567
2319
1406
2022
1257
1011
704
2295
1017
1278
1463
126
1169
306
1890
1179
1815
2094
2461
267
315
57
2345
1467
1004
990
423
2156
787
189
756
782
885
757
205
273
2477
1871
741
441
1042
2214
477
2490
1920
1917
1125
1377
1120
195
2202
1467
1737
195
2561
122
1467
191
441
1116
1160
935
1580
1191
1690
116
1289
1722
1407
1633
1152
1077
364
2141
1418
1461
2197
1285
2180
1705
1785
1386
1115
1836
455
3
2405
240
387
972
1494
656
1262
1661
1520
1989
499
2288
2160
2178
1044
603
2283
1813
475
1722
1476
738
1311
253
238
1889
327
1449
348
2448
693
2364
819
2295
1791
783
315
1092
99
207
1587
441
2349
756
606
2359
1314
943
1683
4
767
1004
2228
973
2390
2212
1383
2268
1040
534
2206
1793
1849
1276
1315
76
577
918
278
1980
518
786
181
2335
1853
301
946
2257
854
1623
2030
862
390
1617
1159
856
882
2388
1750
1083
1476
727
228
1180
1403
947
1776
354
1621
1484
2514
1954
633
269
1121
233
976
1582
232
2318
2071
2352
2254
1470
1099
1472
890
960
821
193
2538
1686
642
2509
2387
2277
2438
2536
564
167
1544
2506
149
1512
127
1622
1502
726
2128
2236
68
261
849
2095
2202
1373
411
1594
690
478
621
3
2295
2289
450
2154
1663
1341
64
1125
216
1827
597
747
369
1803
2388
625
1780
1215
2173
1203
287
1392
87
2249
1506
210
1476
1402
1391
1550
1750
1755
441
224
2205
231
289
2006
380
1402
1101
1711
1152
1242
15
2103
898
1394
1485
621
1359
621
1288
1674
241
2252
864
1077
2205
2436
62
2372
2206
2477
1125
2181
2383
1232
1764
1215
2253
995
2429
2361
2114
1284
2367
106
925
888
2493
553
1227
702
1597
1799
77
2522
1800
791
1724
1462
2322
2559
2366
1722
22
2155
752
1449
738
1980
1262
1150
1521
1848
2289
2316
2037
1659
2517
773
1606
2232
682
638
1298
2483
1256
1604
1434
790
873
120
1723
1543
1089
909
1408
1062
2451
2072
2269
1406
71
889
597
650
651
766
268
2142
2330
1092
1644
216
210
1282
83
1831
427
2069
1400
1729
819
1394
1919
204
2394
2277
868
1760
1170
0
2421
1610
446
132
2373
1824
2318
1098
1170
2377
1894
2031
399
63
918
1400
883
2016
1266
1736
1897
680
656
2340
1601
2102
2043
1475
220
81
2508
2010
498
1830
874
383
638
1697
1091
2293
1933
880
1186
932
1757
1866
2497
1587
973
1323
261
1116
2070
1719
216
1806
1121
1668
1298
810
1587
2079
1350
2520
363
756
945
1386
1389
54
45
277
1846
1287
384
991
1192
549
1975
2406
611
2032
279
1862
836
1069
512
1627
707
1817
55
1838
2043
2364
716
2457
2520
695
1847
1078
1849
1323
630
715
615
0
1853
2303
2526
954
1895
2097
1854
1319
1323
153
1323
1722
2025
1851
299
321
1723
2204
419
2573
2153
480
252
698
1814
1026
1437
825
1401
2195
505
2516
2253
177
943
486
2214
919
0
512
2201
1785
630
2556
2324
939
974
104
1712
784
130
1553
654
667
2331
868
759
553
2100
1090
2330
771
1880
531
1596
243
2529
558
1506
1854
2580
2013
1749
205
1575
408
149
432
819
488
324
81
1829
407
1652
1523
2127
777
990
1064
237
801
2462
1188
2438
618
2061
1819
2169
27
157
2394
731
1604
758
2040
921
465
2541
798
1629
2519
2264
1473
1325
90
789
2270
2543
817
1447
2139
1847
1726
1489
1436
777
644
1525
1098
1544
1169
2016
331
1464
655
1254
642
1325
123
1968
1910
1249
326
984
1934
1862
1231
846
1332
252
1983
1530
1449
244
1290
1638
582
2250
1008
1008
2345
324
1071
1941
2541
1581
528
1482
2457
693
2167
1798
1755
404
1924
400
2065
2394
846
1890
959
1764
650
1566
2268
2394
1772
1554
2435
446
702
976
1246
1005
1244
1531
1270
875
1147
1971
2100
270
1719
2331
2259
902
1026
850
150
933
477
1860
611
152
1134
15
105
378
1445
1036
1099
2569
1918
970
761
557
340
2247
2338
942
2326
878
1043
2003
2337
953
702
203
905
1044
951
2162
2576
1147
1485
1581
1596
888
156
1554
0
1491
1239
37
1868
1806
1232
715
2481
2532
1440
729
547
1152
2185
380
2353
2101
494
255
1913
2
522
1917
2017
2007
2303
2378
1537
254
984
2155
1701
2024
2376
122
1273
2247
2276
1002
1446
1568
1348
245
1575
2331
2457
1689
873
87
1359
706
1062
626
1291
270
1893
617
269
1575
537
263
2250
1314
1107
424
860
1253
2279
2555
2352
1526
1260
1785
1045
299
161
2464
376
1620
2233
162
919
1269
1590
602
504
1659
1014
119
504
0
105
2331
579
2163
1008
1890
2353
2367
1804
1566
1071
1155
294
1323
273
1632
1575
252
321
1329
1345
2455
375
1153
113
226
396
1966
1521
980
1927
2468
1862
122
697
0
2340
531
1056
549
835
2394
1974
972
1746
983
2187
567
1080
579
2075
1800
78
2265
1027
618
822
2037
2580
710
1541
639
1764
1863
1584
768
434
2321
1449
1728
693
1317
947
0
2127
1548
1989
2102
1602
597
2181
597
2556
606
2026
389
1323
83
2060
28
560
1246
1946
920
1281
903
1578
2457
1314
1389
1404
897
998
1456
1679
2488
2466
896
945
1638
1386
1827
230
135
2063
1067
405
1287
1971
718
1972
2574
1575
710
889
1912
1752
37
1520
182
1400
44
2100
546
2299
658
21
776
2055
1360
322
2429
2000
2426
531
1765
1266
693
2169
362
819
1673
650
757
1241
843
159
2264
2112
2579
738
1491
1345
1636
115
2439
666
1095
1670
93
1812
2142
2578
483
2128
1446
1386
431
550
2342
1739
600
118
359
1184
2121
2423
1782
1585
112
317
1193
1853
679
1836
1107
1536
49
1190
1278
1107
2340
2205
681
1701
2427
827
1314
2442
1854
768
1959
68
1324
1811
1271
2500
386
362
121
972
1323
1779
1717
1901
126
1203
719
330
1332
801
1846
927
45
1770
33
27
1585
574
1857
663
362
1612
1841
1800
2493
1575
521
219
459
213
1230
996
1187
2083
2034
1720
1448
2511
1035
882
2331
2565
2190
2317
378
232
2051
2017
1659
2350
1422
139
631
719
1700
936
2268
252
1638
2224
405
1147
568
1980
550
2115
532
1252
413
1640
71
2550
1797
38
1650
552
333
2275
704
1519
1602
1707
429
517
853
2150
2536
2308
651
1200
1593
945
1549
948
1593
613
1026
595
759
449
2204
2348
518
2520
2079
618
2092
903
2366
2527
1134
2460
1131
1430
365
762
426
576
1747
598
1281
288
1454
2155
854
2196
1819
1165
1953
2427
1617
1758
889
705
201
60
177
1905
1017
2314
449
1565
287
2402
1702
1174
181
2168
149
547
179
1436
1897
1835
2099
1338
64
1408
703
2155
1375
513
1687
726
415
781
865
1798
2359
1998
2091
2063
1459
583
35
2338
440
1642
110
2557
2083
1870
1601
365
205
1722
989
826
1722
861
2397
1300
834
1446
80
906
250
1265
1529
1813
79
2105
674
1389
1932
2182
1832
81
905
177
1320
21
1142
1225
8
301
801
399
666
1093
1323
1044
150
2124
1904
2409
1992
2268
231
840
1173
951
362
999
1929
4
377
1320
1089
803
1748
572
891
2378
1179
802
13
792
191
848
2147
215
501
281
1689
2269
537
1909
1826
1497
2192
1071
831
180
1512
1638
2289
1008
2370
813
673
497
169
628
2363
2378
568
231
2053
2312
2383
2242
1483
1690
127
1464
2283
585
1962
111
2556
117
201
912
168
2396
2367
2322
880
2126
1839
2236
982
2387
2037
2178
1580
615
2436
81
657
1253
867
2058
459
2507
218
2000
347
1877
2092
437
2216
940
266
977
222
1288
831
1441
908
70
2574
981
54
396
1855
1161
1323
1863
1323
2065
784
1323
1638
1602
929
293
690
153
1940
1494
207
1449
541
2247
1728
1062
2059
1680
1569
819
1594
533
2185
2529
1441
909
567
2268
1659
945
1629
1890
575
30
1233
1863
850
1201
2069
1501
683
1616
222
1706
610
1309
243
1891
152
309
2372
987
906
1085
1825
9
464
1886
1834
1476
189
2545
2403
2331
1449
990
567
342
798
909
1476
254
36
1992
337
590
2352
2168
336
1074
1768
2559
925
961
1933
1670
318
1844
248
888
321
2403
1801
2020
679
550
522
1484
539
2331
1652
2407
1228
1135
2025
787
750
497
253
223
1570
1327
529
702
2423
1731
1066
345
1352
2331
186
283
1064
208
1745
1374
2022
369
0
509
1838
1222
2448
875
939
1410
217
161
1088
2115
1211
212
2145
2445
1179
2565
1944
2389
1506
285
403
582
1863
1391
277
499
2337
1254
1406
684
692
2385
1323
1116
1261
1434
1963
1230
1330
2510
2561
2345
840
0
860
832
168
1092
1143
1533
1025
741
1572
1196
1827
2172
424
2562
1512
1611
1491
675
756
664
561
1869
2520
1191
2534
889
1426
1733
1184
266
660
1752
514
975
13
1319
1994
585
2406
2009
516
1000
2430
1433
1988
1719
2118
1008
1461
78
184
1989
279
1747
917
1700
2179
1142
557
1873
418
1573
2413
514
1918
738
691
78
2351
1355
1834
1502
2580
1038
1344
1029
1289
1699
2503
1972
1505
591
2382
1535
1449
389
675
1495
388
1779
2094
720
540
949
2220
2478
861
156
1408
132
1737
2177
2250
2295
2546
1266
567
1428
0
2316
720
865
975
1500
2536
660
2387
209
525
2311
2505
661
1857
999
504
1458
1067
1161
1197
465
2385
359
2190
1294
174
1077
933
150
1944
1638
2127
399
1146
996
2313
2005
1061
1148
104
369
1710
1179
2040
504
334
2345
1878
1927
1325
141
1463
867
2227
1721
1181
3
656
2192
892
1021
228
2481
1533
2408
2268
2415
105
1666
1519
1722
1785
777
1805
1861
933
1073
315
1649
26
1731
1915
1455
175
69
1638
2037
423
252
945
2457
2399
1077
1848
741
2341
1552
944
2515
1712
2526
1984
397
1908
1204
2394
2466
1386
638
885
1875
1783
672
2155
2035
651
1288
2184
532
390
1506
2503
162
1189
294
765
656
500
2393
1036
1499
2434
511
525
1737
289
2253
611
1242
1736
1323
1485
747
2417
815
1975
2543
697
2098
542
1439
2340
883
606
1584
153
2373
1377
1701
2407
2337
567
1614
241
2048
0
2280
1533
371
54
1104
9
647
696
1624
1739
2257
1590
1701
737
2096
656
2301
203
259
1285
1054
792
1805
1555
189
2428
2516
948
1225
1352
2322
736
681
90
1382
585
2209
655
2394
1323
856
558
747
1312
2396
2399
2187
1053
240
1603
1418
943
861
2241
1557
2296
252
1156
1547
101
909
2463
1469
111
2214
855
1992
592
1013
2123
356
499
2165
672
2465
546
1953
2266
2039
727
1833
21
218
672
