100 100 10 8
67 466
31 801
94 891
65 441
46 390
40 628
29 735
40 788
5 376
92 295
23 361
89 37
76 90
99 852
26 491
77 75
91 974
56 538
20 250
55 294
57 397
11 603
50 179
86 692
8 966
78 954
50 911
92 273
80 421
49 262
32 245
14 899
11 283
73 909
90 459
3 685
51 687
83 640
87 908
48 430
81 728
25 991
40 401
47 91
41 408
78 811
100 553
89 764
59 242
29 454
99 420
20 881
64 620
48 253
38 944
98 1003
37 291
95 347
1 11
2 424
36 494
67 389
24 951
28 230
99 307
38 161
95 621
32 666
97 676
56 863
72 329
24 719
33 392
42 984
41 546
75 929
20 602
96 935
29 428
97 325
63 262
13 702
22 892
24 879
78 620
54 651
64 356
18 329
77 955
48 919
65 637
6 276
25 314
70 86
68 270
99 226
11 781
88 930
18 324
31 698
