100 100 9 5
21 1003
38 807
90 640
86 52
47 48
97 141
60 659
60 90
41 414
96 465
66 727
76 904
3 852
83 263
8 156
71 248
73 201
77 935
47 529
6 180
96 594
52 643
62 922
44 401
94 997
1 203
91 150
59 465
91 440
69 481
76 780
75 251
99 932
32 591
19 338
42 444
39 33
49 78
33 53
99 149
65 502
63 308
21 633
58 627
29 671
79 635
34 840
22 923
88 10
83 152
57 684
100 509
90 85
43 340
42 715
9 733
63 201
7 257
84 201
93 547
62 866
35 742
67 895
74 655
43 942
69 486
58 660
30 905
70 752
7 392
41 24
49 32
98 949
81 158
76 208
89 498
69 32
55 783
46 90
49 98
34 277
23 54
11 20
94 859
43 545
85 379
56 651
92 133
95 512
55 283
6 941
44 547
1 196
77 616
92 217
97 405
70 265
86 561
55 508
99 396
