100 100 10 5
98 95
65 810
85 338
23 534
24 730
49 74
49 474
17 741
62 433
48 197
64 57
93 161
40 233
25 792
96 665
68 158
64 138
11 310
87 992
58 623
92 869
99 516
68 470
23 932
87 689
36 651
85 593
19 561
20 126
29 767
48 224
32 574
40 80
38 432
10 954
38 647
83 706
82 797
9 302
98 332
7 242
35 643
38 249
37 895
73 479
6 400
48 660
65 326
76 894
60 148
86 316
40 323
50 141
67 707
94 777
38 98
76 656
63 65
52 649
65 432
75 52
69 242
12 367
100 544
15 936
61 972
66 856
32 348
33 937
6 480
2 695
85 365
57 51
27 745
20 392
46 459
67 247
8 707
78 274
75 661
46 608
31 230
29 584
26 496
99 831
24 890
2 475
76 35
4 967
85 465
53 93
13 1006
89 490
4 881
51 367
46 818
26 507
38 200
47 100
33 245
