100 100 10 4
61 689
93 497
20 492
19 554
49 935
21 971
48 852
53 680
23 994
20 58
3 696
92 398
4 395
69 412
52 798
65 63
78 894
19 66
16 804
46 71
1 94
7 11
51 528
93 575
39 314
16 793
16 795
43 324
48 714
23 894
70 630
85 849
26 522
90 457
86 704
32 888
57 647
32 888
100 126
94 824
66 441
96 270
62 122
100 1002
9 985
4 566
5 10
98 891
32 751
8 856
7 801
38 128
89 128
31 633
5 325
96 648
46 55
96 218
83 946
48 493
68 771
15 726
67 197
41 20
75 300
63 375
57 642
94 796
100 51
10 413
77 351
92 231
78 573
40 621
41 858
6 165
75 824
53 832
32 879
85 266
59 574
7 866
24 254
18 445
70 49
64 260
22 823
25 404
60 751
63 400
77 458
32 681
30 661
86 670
17 971
54 295
6 213
81 418
2 964
56 437
