1:1 
3:1 2 
6:1 2 3 
8:1 3 4 
13:1 3 4 5 
13:1 3 4 5 
20:1 3 4 5 7 
24:1 3 5 7 8 
30:1 5 7 8 9 
30:1 5 7 8 9 
41:1 5 7 8 9 11 
41:1 5 7 8 9 11 
54:1 5 7 8 9 11 13 
54:1 5 7 8 9 11 13 
55:1 7 8 11 13 15 
63:1 7 11 13 15 16 
80:1 7 11 13 15 16 17 
80:1 7 11 13 15 16 17 
99:1 7 11 13 15 16 17 19 
99:1 7 11 13 15 16 17 19 
103:1 5 11 13 16 17 19 21 
103:1 5 11 13 16 17 19 21 
126:1 5 11 13 16 17 19 21 23 
126:1 5 11 13 16 17 19 21 23 
146:1 11 13 16 17 19 21 23 25 
146:1 11 13 16 17 19 21 23 25 
159:1 7 11 13 16 17 19 23 25 27 
164:1 11 13 17 19 23 25 27 28 
193:1 11 13 17 19 23 25 27 28 29 
193:1 11 13 17 19 23 25 27 28 29 
