998 572 1 1000000007
407 804 31 911 1 123 649 590 109 359 799 398 186 814 934 522 83 477 169 455 259 14 230 780 880 396 215 93 305 633 67 458 455 923 387 293 489 460 1000 738 89 896 819 722 164 113 775 612 281 891 416 974 967 255 306 969 52 140 940 197 546 786 497 651 909 565 727 925 139 539 17 654 990 451 906 394 658 276 99 635 942 273 236 661 287 142 289 183 299 178 760 705 96 652 1005 392 563 433 962 935 408 19 746 751 11 475 77 786 467 305 211 34 919 146 335 879 528 830 535 47 342 538 835 389 962 277 549 116 470 176 684 654 529 424 405 497 310 17 620 538 313 508 416 797 657 307 760 482 872 61 292 235 820 641 428 1006 896 677 119 103 348 974 284 485 529 320 272 1006 122 443 795 599 479 928 811 714 47 175 561 744 176 366 282 939 34 430 501 908 920 920 611 592 828 373 499 338 117 586 961 990 280 606 112 647 144 778 951 226 572 24 819 772 567 298 453 66 786 251 123 533 837 254 123 995 199 366 403 307 921 713 410 578 505 443 227 988 743 351 740 295 132 201 56 637 482 959 883 418 279 861 954 506 573 241 251 118 578 996 765 442 93 38 48 195 534 180 903 876 359 347 432 604 235 781 167 483 56 258 877 154 782 615 295 845 519 47 136 94 730 694 233 976 302 883 759 225 231 5 568 761 8 81 746 237 385 454 258 968 336 555 87 198 650 633 174 741 296 141 52 433 446 315 391 642 300 35 518 670 817 738 695 598 381 54 280 26 543 450 685 470 361 915 204 754 160 84 726 467 95 614 289 377 425 225 816 263 762 741 577 482 726 908 81 412 388 954 5 204 241 720 359 349 759 469 239 979 725 678 189 366 127 279 29 23 934 186 198 842 469 599 287 926 200 127 448 862 865 170 232 287 33 837 220 579 147 665 560 771 630 940 971 848 726 152 376 326 347 33 386 314 572 867 475 647 166 995 398 656 747 438 838 647 935 781 107 196 639 552 431 435 755 361 104 938 557 421 202 629 863 901 438 834 442 966 971 937 1009 458 895 30 785 522 364 491 498 939 766 322 434 35 587 459 983 973 810 177 992 113 415 452 885 968 549 921 811 611 834 694 92 23 793 413 57 941 400 781 890 758 716 133 102 98 93 839 202 727 373 761 164 789 702 287 734 839 475 966 962 711 34 340 744 592 975 725 911 375 301 863 140 540 57 891 451 898 949 296 794 446 247 912 35 267 201 808 747 65 102 191 645 782 129 933 23 555 430 962 770 380 1 494 330 546 29 5 505 979 900 312 776 16 103 383 336 140 423 177 263 176 114 470 860 78 780 566 273 618 410 297 551 564 118 57 191 97 537 336 93 864 738 423 539 177 73 682 476 609 313 779 771 641 649 831 258 615 203 324 489 212 156 773 288 152 276 908 262 265 154 444 401 918 147 230 483 732 643 129 663 152 59 804 67 323 62 819 316 549 560 689 575 406 160 808 924 353 449 767 760 851 498 413 159 683 619 869 242 878 853 819 1008 908 993 422 114 740 426 51 837 804 205 751 114 995 478 117 53 308 65 568 794 374 956 400 137 890 70 622 133 220 765 431 623 146 77 431 871 559 799 233 296 912 94 121 49 495 958 619 555 17 360 639 161 342 928 183 100 996 806 764 266 901 795 640 97 34 801 692 737 203 28 111 993 699 406 165 887 76 336 379 612 110 452 594 466 878 53 506 284 637 995 843 650 983 809 158 256 789 46 572 147 274 3 73 418 177 889 71 121 753 733 895 101 952 485 457 525 822 119 276 151 83 728 700 299 506 465 913 591 340 94 635 672 102 272 14 902 547 402 334 869 19 801 370 710 620 392 429 959 663 903 45 297 12 557 473 263 813 444 865 499 839 994 949 755 206 61 577 77 164 519 398 202 263 779 444 440 290 901 223 613 280 518 317 773 606 264 256 143 963 92 394 957 247 346 646 423 727 180 227 186 145 17 334 590 465 136 21 1007 91 854 744 250 411 564 773 183 775 653 888 8 756 9 743 942 516 23 48 167 194 669 191 462 332 606 738 259 911 484 880 324 552 335 274 87 967 864 39 180 285 414 471 946 65 803 528 449 983 343 894 43 121 123 200 146 187 306 924 246 947 983 47 250 593 792 981 19 18 356 964 854 426 489 96 21 63 744 455 951 151 517 617 120 975 852 613 967 479 183 503 150 771 581 564 746 327 207 724 291 871 687 410 854 768 830 27 38 90 806 852 566 74 665 649 483 145 131 287 737 585 
395 320
466 372
879 649
784 652
497 81
3 222
688 428
164 722
961 785
720 8
858 307
292 406
263 471
304 806
928 514
788 451
526 987
670 267
583 776
959 804
461 377
368 417
391 281
253 938
231 749
244 496
801 160
802 23
263 704
46 971
267 820
428 947
324 752
798 750
448 814
391 57
372 937
289 568
869 370
925 363
9 306
974 739
175 798
378 163
207 71
181 593
651 246
278 630
468 451
883 428
697 798
682 797
260 215
949 656
224 117
793 200
216 896
129 306
820 76
511 55
947 208
494 697
379 774
751 124
122 630
655 493
624 394
49 929
139 541
399 419
446 903
412 828
592 679
610 181
815 135
804 765
329 972
627 65
146 523
378 889
434 56
363 64
255 61
146 520
341 627
40 848
937 250
610 300
363 854
687 111
470 255
804 702
837 103
415 566
218 406
622 401
204 866
121 507
184 225
243 146
516 234
637 526
330 130
994 2
69 674
983 259
495 840
665 941
619 44
52 825
926 799
898 964
882 258
899 455
739 108
880 52
798 167
816 121
821 320
283 660
403 601
152 381
504 597
816 68
964 793
758 226
508 378
726 560
239 130
865 951
486 561
545 324
973 775
560 58
16 891
464 345
541 479
701 818
12 26
134 500
651 62
946 566
96 777
568 673
24 434
41 969
387 402
997 55
145 131
211 847
245 51
142 624
646 697
504 670
263 89
430 500
276 936
891 740
890 599
331 960
641 334
642 68
309 575
609 504
565 509
138 597
580 292
358 575
364 529
122 290
908 880
632 332
416 557
889 559
166 907
31 586
481 872
912 724
848 989
28 110
805 573
569 825
659 82
767 447
658 789
144 617
167 626
444 100
969 438
100 757
590 898
955 50
82 810
288 844
343 353
840 973
591 195
93 481
188 11
467 159
476 844
517 684
321 680
8 579
319 977
205 492
238 893
344 522
132 450
727 585
27 667
82 711
127 960
821 762
437 135
161 635
750 272
52 441
722 528
76 884
994 286
582 9
580 185
203 350
307 810
553 359
34 899
59 106
937 173
396 460
914 476
163 808
565 363
413 596
626 950
845 802
516 520
468 971
827 355
985 51
599 456
280 501
902 647
688 442
533 678
315 452
198 18
66 281
486 954
627 778
686 694
957 124
217 385
458 472
919 286
590 310
652 665
278 102
240 637
666 351
75 205
770 537
259 41
402 824
401 102
249 872
789 633
991 310
416 465
173 853
201 657
685 324
95 430
779 172
215 226
960 962
538 859
646 271
311 287
648 56
179 401
686 185
229 108
474 164
915 558
94 881
748 778
552 123
868 457
378 812
237 567
153 750
886 466
353 297
962 299
391 256
506 499
381 275
359 253
869 659
339 675
726 78
375 589
416 411
240 830
357 713
779 946
263 522
401 890
495 346
64 746
491 882
556 256
627 295
107 502
91 608
957 875
772 883
125 824
609 732
622 518
359 817
885 945
255 592
511 51
699 406
690 600
253 232
817 742
417 482
297 751
487 993
361 764
790 665
114 684
906 632
912 199
720 658
665 110
38 780
632 904
624 886
159 955
589 603
931 80
598 164
657 528
24 307
457 328
365 708
855 998
362 333
330 931
140 25
795 610
459 247
332 964
948 951
19 376
192 802
690 433
381 255
151 820
270 207
969 431
439 57
267 562
635 225
905 824
334 291
689 256
647 320
327 453
381 21
551 885
858 142
868 517
832 760
305 584
74 859
445 652
486 671
332 298
164 536
658 197
555 923
493 148
503 4
319 139
654 601
775 142
166 101
395 758
214 440
883 402
58 106
242 120
499 772
435 592
825 338
259 415
741 143
587 518
206 635
328 670
528 955
277 95
297 3
513 132
312 142
719 156
455 784
704 671
171 2
362 463
613 702
27 228
526 258
588 230
708 898
525 911
789 937
707 327
547 174
121 322
771 632
46 853
609 416
497 861
380 420
799 558
790 377
432 262
403 331
344 441
242 142
730 940
414 987
289 53
485 445
761 731
434 274
326 973
638 17
598 790
868 347
171 490
399 278
432 691
390 350
938 277
810 721
419 47
242 966
309 447
291 320
803 143
828 678
430 452
434 613
309 105
572 522
960 996
589 161
633 238
198 554
859 654
865 666
46 399
134 326
291 983
586 141
593 548
182 380
461 191
170 903
910 498
450 605
729 953
621 786
959 336
564 441
657 459
299 177
885 881
981 437
326 933
770 255
133 990
576 338
753 554
456 924
503 711
487 682
766 528
698 424
488 301
253 762
786 37
609 290
698 595
701 762
570 30
184 14
71 558
787 98
48 704
516 216
837 865
529 425
266 850
300 842
610 827
386 524
103 864
229 15
418 135
775 443
877 720
785 458
979 269
350 823
650 129
616 592
346 987
39 326
446 821
193 384
584 177
37 664
213 175
829 410
606 737
8 990
233 644
91 667
895 801
328 715
976 701
585 922
368 473
634 915
774 505
216 332
962 385
500 950
966 294
499 647
678 766
483 633
488 953
540 871
908 221
535 690
296 754
673 420
909 602
74 847
895 908
484 238
484 991
16 24
436 403
465 988
85 992
347 977
108 97
414 121
242 251
912 166
845 788
864 433
401 876
858 614
835 453
238 433
897 986
601 359
289 483
441 710
410 885
36 43
570 498
800 771
77 541
977 671
843 209
797 76
91 305
705 18
853 989
505 517
424 616
156 197
155 786
368 782
44 899
524 969
57 154
2 649
884 128
350 547
640 383
99 496
454 860
18 854
585 267
246 140
684 117
126 422
15 355
864 920
35 989
55 186
98 955
172 540
775 717
892 335
779 17
845 59
269 993
143 628
415 961
111 505
407 882
354 2
196 498
125 6
420 60
405 101
491 935
28 725
874 290
751 954
703 91
985 198
764 504
223 737
330 431
210 585
930 377
288 267
582 478
717 760
783 688
349 115
552 697
325 506
679 252
971 799
862 749
815 151
309 295
866 921
771 97
337 870
215 627
475 479
573 632
860 365
307 806
851 271
543 823
929 690
548 826
383 448
87 646
31 624
720 204
513 748
181 317
652 721
621 663
866 696
99 390
856 786
21 118
92 967
578 700
375 788
803 204
940 15
746 505
663 66
100 96
449 541
44 909
810 992
373 620
793 700
756 158
477 883
8 692
307 367
985 444
470 936
183 892
231 300
177 115
360 564
535 410
366 4
208 716
93 422
972 46
377 639
689 192
625 409
264 654
545 146
557 339
741 308
158 111
228 695
785 362
394 314
696 149
487 651
233 163
262 664
854 887
683 994
530 915
822 555
472 867
749 183
180 282
624 473
302 833
678 754
959 841
500 712
615 575
594 213
364 783
801 462
279 929
271 776
360 508
835 217
517 919
901 961
781 320
717 850
888 338
569 936
500 12
775 254
620 464
988 995
219 442
986 126
212 558
130 227
313 584
952 897
730 235
388 466
82 374
440 265
582 741
216 492
478 763
15 112
179 22
104 177
332 567
896 185
318 606
400 798
743 796
627 958
709 566
41 549
945 249
460 375
7 68
157 537
301 398
52 617
794 805
733 712
485 792
140 257
284 572
356 372
129 199
764 819
728 515
706 352
51 543
50 88
676 901
349 923
175 723
734 627
726 178
422 643
803 340
397 125
167 261
383 575
859 606
301 727
917 993
745 673
563 143
445 131
389 288
321 812
677 430
982 169
967 324
323 169
323 13
707 408
891 542
248 207
736 457
681 147
397 943
581 741
916 727
109 959
510 265
81 38
5 992
939 780
26 813
498 642
382 395
613 519
636 391
413 574
242 861
747 851
474 713
350 769
174 612
188 942
838 414
233 72
798 427
302 196
285 377
319 342
188 697
20 732
666 373
141 209
532 132
64 577
539 868
656 432
119 80
230 792
975 459
103 521
225 809
189 165
129 900
878 799
537 970
738 538
674 96
85 761
857 466
68 550
709 791
240 501
73 458
292 42
333 36
454 10
356 107
949 743
194 386
539 369
287 418
858 90
646 273
825 392
960 176
900 376
228 863
277 618
214 659
768 100
873 240
662 232
374 718
852 909
518 136
469 603
546 703
404 671
607 321
834 442
70 930
956 51
161 189
241 437
283 454
668 105
323 258
127 631
392 773
525 916
113 530
33 18
558 611
604 667
525 63
160 150
625 781
32 386
366 371
811 521
629 696
180 93
384 867
120 968
934 148
806 195
965 639
379 316
869 413
348 434
86 931
393 948
714 562
220 123
421 761
337 973
445 79
625 661
634 706
846 491
322 45
890 515
508 831
836 481
190 14
747 807
268 611
711 963
984 247
84 975
454 645
309 894
409 29
978 221
839 54
781 236
928 988
681 152
600 116
123 849
527 442
67 908
486 932
755 605
839 737
534 182
927 729
675 423
162 442
268 83
655 998
835 544
672 442
855 610
918 106
623 873
624 531
832 571
187 887
838 980
735 826
429 302
489 301
480 69
137 811
293 168
635 303
127 944
813 168
881 669
426 349
693 657
368 1
653 906
202 215
913 493
417 512
759 361
362 744
4 299
2 276 129
3 489 966
1 785 33 410
3 834 957
1 63 357 756
4 955
2 424 622
3 695 241
1 36 98 33
3 584 733
1 344 807 853
4 918
2 541 369
3 946 2
1 707 157 724
2 727 401
3 5 198
1 766 779 687
4 134
2 792 946
3 836 933
1 942 154 866
3 457 122
1 558 431 427
3 960 976
1 355 415 979
2 638 808
3 512 630
1 84 723 498
1 952 313 817
3 612 344
1 298 685 344
2 756 399
3 795 885
1 434 320 629
2 641 707
3 67 807
1 750 129 821
3 792 845
1 179 820 820
2 631 10
3 142 832
1 816 358 231
1 771 105 681
2 610 207
3 169 842
1 826 934 557
4 431
2 721 322
3 463 718
1 942 838 357
4 488
2 877 692
3 803 880
1 712 232 350
2 368 857
3 543 181
1 71 936 934
1 834 615 636
3 479 371
1 510 676 779
4 97
2 343 681
3 821 42
1 766 324 802
3 346 190
1 696 990 535
4 75
2 128 323
3 173 140
1 676 726 374
1 710 35 690
3 190 820
1 970 982 335
2 947 535
3 62 161
1 122 166 497
4 852
2 381 601
3 462 897
1 590 32 87
3 28 535
1 69 47 482
2 927 792
3 396 893
1 142 97 475
1 165 116 202
4 65
2 568 226
3 678 331
1 259 132 939
2 300 6
3 649 398
1 702 172 917
4 582
2 68 729
3 765 573
1 607 411 443
3 100 45
1 975 661 448
4 500
2 745 546
3 923 864
1 922 934 293
2 14 746
3 674 515
1 436 377 527
3 799 56
1 982 109 596
2 803 603
3 602 238
1 468 901 10
4 108
2 254 753
3 789 622
1 952 492 35
3 252 13
1 183 544 334
2 989 223
3 740 634
1 5 267 45
4 106
2 79 986
3 430 265
1 207 535 861
3 112 979
1 37 887 100
2 651 635
3 754 756
1 148 867 546
3 330 539
1 230 599 548
3 315 117
1 1 707 627
3 573 189
1 264 216 782
3 759 507
1 866 274 82
3 691 196
1 965 287 600
4 298
2 584 985
3 388 636
1 859 788 334
4 751
2 178 553
3 194 970
1 537 320 618
1 793 992 654
1 33 443 525
4 345
2 515 755
3 624 1000
1 741 19 908
3 535 637
1 508 926 186
2 497 515
3 598 614
1 229 621 923
2 951 789
3 98 257
1 381 743 416
1 889 973 841
3 777 137
1 571 836 769
4 287
2 970 441
3 249 233
1 326 951 876
2 125 1
3 470 165
1 755 265 590
3 334 435
1 727 679 374
1 797 831 420
2 490 476
3 747 272
1 478 476 773
1 965 978 677
3 402 185
1 302 963 538
2 614 561
3 801 499
1 194 868 376
1 120 959 818
1 67 381 236
3 199 226
1 941 576 590
2 543 701
3 502 327
1 460 915 309
2 681 379
3 424 683
1 493 599 507
4 50
2 569 117
3 646 810
1 163 419 558
1 666 907 1004
1 655 215 372
1 899 7 598
4 50
2 82 865
3 538 187
1 371 264 382
1 244 586 610
3 319 19
1 867 100 686
1 671 983 885
3 304 776
1 95 35 918
3 546 998
1 101 130 942
4 964
2 568 3
3 924 539
1 358 188 554
2 916 522
3 652 888
1 425 289 957
2 586 333
3 931 913
1 868 495 782
2 780 938
3 496 471
1 602 974 629
2 814 792
3 247 412
1 19 744 552
1 700 219 914
3 789 718
1 967 340 331
3 981 405
1 586 711 432
4 925
2 815 679
3 77 189
1 706 283 424
4 698
2 974 576
3 4 889
1 83 100 588
3 312 432
1 503 730 411
1 865 610 793
4 789
2 685 654
3 90 702
1 453 933 372
2 988 335
3 264 508
1 800 741 485
1 373 763 204
4 40
2 580 316
3 229 278
1 902 167 753
4 359
2 214 681
3 230 304
1 393 925 333
2 904 124
3 199 169
1 985 426 798
1 337 58 646
3 398 271
1 704 177 289
3 173 150
1 517 126 470
2 855 801
3 184 266
1 479 378 487
2 394 74
3 622 23
1 540 708 795
2 452 64
3 836 701
1 717 869 340
1 632 359 563
1 181 483 769
2 339 881
3 83 717
1 575 990 719
3 16 250
1 505 873 645
4 199
2 613 630
3 835 174
1 321 614 361
3 332 240
1 959 214 405
4 960
2 594 596
3 813 568
1 188 692 994
2 285 582
3 445 530
1 424 300 206
3 312 880
1 425 810 609
1 404 880 578
3 93 185
1 264 702 19
2 98 354
3 457 142
1 479 17 276
4 569
2 800 351
3 281 931
1 471 447 62
3 928 580
1 318 233 243
3 675 666
1 548 110 373
3 631 68
1 859 717 564
2 10 802
3 490 205
1 871 114 37
3 115 71
1 306 2 626
4 429
2 424 89
3 452 163
1 503 59 141
2 932 804
3 379 738
1 455 780 136
2 913 903
3 983 445
1 630 55 313
2 90 39
3 444 681
1 385 9 915
1 340 28 652
2 649 48
3 481 196
1 297 515 377
2 782 870
3 769 429
1 202 211 976
3 714 946
1 702 955 583
4 427
2 730 726
3 658 804
1 785 327 93
4 775
2 130 152
3 29 616
1 548 590 218
2 306 286
3 14 307
1 133 307 337
2 630 953
3 233 109
1 554 268 207
3 538 719
1 580 947 424
4 56
2 19 177
3 853 76
1 479 524 767
1 990 88 864
3 720 170
1 481 531 351
2 241 117
3 13 936
1 985 299 356
1 359 625 136
2 912 137
3 567 656
1 520 132 364
2 476 527
3 871 568
1 200 171 697
1 752 443 798
3 732 663
1 489 620 416
1 526 322 761
4 958
2 727 809
3 662 772
1 687 547 865
3 109 382
1 701 570 574
1 351 978 279
3 482 129
1 183 436 472
2 572 419
3 312 788
1 85 921 818
2 304 907
3 532 297
1 217 942 768
3 621 1009
1 598 970 376
2 358 529
3 369 471
1 331 211 885
1 172 437 166
4 966
2 187 264
3 825 34
1 347 322 393
2 108 513
3 748 131
1 324 109 818
3 717 237
1 300 813 146
3 194 694
1 713 529 372
4 818
2 80 26
3 417 459
1 594 634 293
1 615 364 380
3 224 252
1 222 667 178
2 750 670
3 649 293
1 784 417 144
1 798 682 998
2 100 437
3 571 133
1 573 199 341
2 737 701
3 220 184
1 796 452 203
4 649
2 118 618
3 650 683
1 247 391 691
3 187 600
1 186 445 756
2 67 72
3 684 30
1 933 813 767
4 463
2 926 298
3 307 229
1 182 404 227
2 157 108
3 374 210
1 238 225 190
4 147
2 86 220
3 159 560
1 215 391 311
2 682 801
3 449 439
1 162 632 608
2 394 485
3 865 233
1 862 822 892
3 687 112
1 666 764 920
2 318 609
3 659 561
1 296 674 928
1 156 189 785
3 546 486
1 663 312 404
1 211 827 471
1 498 16 585
2 362 7
3 64 963
1 350 990 627
4 860
2 691 130
3 236 827
1 963 876 612
2 691 17
3 139 988
1 274 317 85
2 275 848
3 411 141
1 825 483 927
3 592 280
1 140 848 431
3 342 912
1 882 696 166
4 666
2 413 936
3 492 889
1 804 899 581
2 937 246
3 750 895
1 686 19 672
1 592 559 490
3 303 855
1 796 402 913
4 849
2 562 50
3 305 783
1 855 915 704
2 25 568
3 404 688
1 256 15 877
2 942 373
3 629 698
1 908 961 242
2 678 920
3 636 304
1 977 799 55
3 242 130
1 755 673 900
1 98 405 378
4 635
2 414 336
3 575 798
1 119 103 574
3 881 613
1 206 618 435
2 86 835
3 515 418
1 615 353 840
2 914 546
3 719 951
1 528 702 981
3 709 302
1 885 763 958
2 40 455
3 316 951
1 983 286 842
4 26
2 197 167
3 723 358
1 118 852 550
4 329
2 491 147
3 987 287
1 61 109 570
3 599 427
1 834 940 358
2 995 368
3 281 357
1 101 901 27
2 972 57
3 113 506
1 191 128 774
3 143 654
1 966 499 913
4 366
2 20 844
3 394 733
1 15 469 478
4 112
2 502 16
3 40 136
1 651 601 803
2 966 889
3 396 612
1 333 501 489
2 555 891
3 478 533
1 33 795 929
1 563 808 138
3 182 647
1 497 31 107
3 12 359
1 508 388 992
3 298 886
1 585 499 539
1 933 718 598
3 723 959
1 356 504 238
2 558 198
3 453 559
1 602 771 218
3 833 647
1 680 366 548
2 711 981
3 823 832
1 481 761 460
2 39 310
3 453 557
1 65 451 95
4 118
2 538 708
3 939 237
1 409 133 600
3 955 880
1 698 951 7
2 329 542
3 552 513
1 778 700 573
1 442 807 287
2 557 772
3 985 473
1 128 546 599
3 943 769
1 351 424 544
4 746
2 23 55
3 691 894
1 80 898 44
3 486 991
1 123 234 251
4 105
2 648 314
3 313 907
1 109 12 740
3 985 948
1 227 179 268
3 987 682
1 649 732 645
4 615
2 484 343
3 990 96
1 129 744 851
2 329 914
3 881 587
1 292 13 695
3 716 420
1 785 32 89
2 435 856
3 487 425
1 181 472 753
3 497 555
1 793 784 623
3 783 351
1 832 472 401
2 876 289
3 881 972
1 649 442 508
1 517 268 584
4 719
2 679 55
3 693 126
1 515 236 363
2 764 783
3 533 816
1 865 582 660
3 405 251
1 536 49 769
3 289 692
1 489 658 932
1 554 238 661
4 660
2 330 978
3 631 780
1 742 675 934
2 624 828
3 557 249
1 893 634 529
2 519 724
3 434 820
1 643 680 515
3 313 794
1 655 892 536
1 349 587 988
1 621 558 205
4 108
2 438 311
3 453 584
1 445 662 450
4 719
2 19 954
3 816 899
1 62 342 1008
1 219 807 523
1 535 683 19
1 903 779 267
4 219
2 937 867
3 160 385
1 781 565 29
3 574 45
1 74 823 551
4 770
2 355 250
3 977 831
1 665 47 526
3 159 179
1 983 3 289
1 295 852 698
4 482
2 960 218
3 860 126
1 191 981 231
4 399
2 667 962
3 387 390
1 207 619 485
2 396 610
3 292 475
1 681 24 862
2 153 12
3 736 626
1 844 539 929
1 411 63 865
1 376 73 832
2 579 405
3 926 472
1 647 81 442
1 675 26 544
1 645 547 827
2 821 300
3 75 55
1 492 308 969
3 418 881
1 165 711 324
2 553 400
3 220 531
1 634 825 949
4 405
2 626 452
3 770 308
1 383 395 644
4 5
2 16 65
3 135 748
1 747 759 608
3 398 553
1 62 357 980
4 965
2 496 314
3 76 601
1 949 931 332
1 764 275 175
4 483
2 228 994
3 283 393
1 395 86 53
2 128 219
3 346 995
1 460 162 593
3 590 999
1 547 213 2
1 202 631 317
1 302 707 228
4 453
2 313 616
3 415 289
1 684 732 328
4 535
2 187 634
3 725 762
1 611 995 381
1 101 957 590
1 679 884 348
4 299
2 97 139
3 881 802
1 690 728 334
2 46 137
3 241 465
1 775 538 163
2 305 761
3 41 560
1 714 23 796
4 77
2 995 336
3 134 635
1 402 382 945
2 949 98
3 594 742
1 753 643 938
2 450 384
3 61 792
1 577 206 15
1 533 676 10
2 807 753
3 390 732
1 728 472 422
4 180
2 4 441
3 614 974
1 500 236 27
4 914
2 127 996
3 990 88
1 328 791 970
1 10 990 884
3 767 880
1 235 817 795
1 370 935 442
3 574 459
1 34 191 732
1 539 824 171
1 757 290 541
1 487 460 623
3 28 838
1 220 141 854
1 210 609 379
1 174 486 553
2 920 63
3 930 579
1 81 896 85
1 545 372 23
2 587 807
3 535 883
1 59 966 483
1 302 742 424
4 640
2 793 719
3 502 691
1 959 945 810
4 455
2 996 829
3 653 170
1 687 689 816
2 683 43
3 354 859
1 338 284 871
4 236
2 255 170
3 583 902
1 857 301 157
2 374 642
3 565 50
1 660 67 693
3 100 396
1 869 78 584
4 193
2 844 14
3 389 813
1 624 767 625
1 227 771 642
3 908 141
1 759 406 351
3 829 281
1 32 798 80
1 488 812 731
3 912 523
1 764 521 213
1 418 851 26
3 96 994
1 152 305 37
1 824 986 48
3 876 741
1 183 340 456
4 345
2 76 31
3 92 529
1 215 972 361
3 921 968
1 825 126 885
1 951 399 987
4 799
2 601 641
3 92 476
1 425 280 529
3 434 137
1 135 899 956
2 189 6
3 574 436
1 185 134 165
2 934 927
3 314 328
1 471 884 53
1 333 505 102
3 312 47
1 449 228 718
1 718 411 279
3 153 822
1 296 547 221
2 325 428
3 36 938
1 749 876 849
2 214 338
3 796 370
1 223 877 579
1 871 36 316
4 331
2 20 663
3 738 417
1 775 358 818
3 557 103
1 408 930 435
2 513 712
3 26 757
1 379 471 704
3 211 320
1 820 166 53
1 154 301 810
4 728
2 318 474
3 447 717
1 491 399 885
3 169 800
1 149 298 163
1 354 986 621
1 72 61 668
2 36 852
3 116 244
1 288 359 28
1 791 479 423
4 194
2 564 986
3 179 931
1 726 491 133
2 293 42
3 248 0
1 590 73 763
4 730
2 702 707
3 473 129
1 382 393 252
1 256 637 86
2 384 658
3 969 538
1 899 224 387
3 107 547
1 556 814 339
1 213 382 507
3 330 109
1 775 318 128
1 40 228 232
3 802 562
1 618 119 474
2 648 373
3 975 384
1 15 938 658
3 924 487
1 280 745 664
1 888 430 438
4 665
2 803 414
3 175 714
1 369 747 122
3 953 277
1 351 741 339
2 865 73
3 595 222
1 720 817 988
4 974
2 865 204
3 828 47
1 475 904 715
3 28 614
1 304 626 455
2 702 798
3 453 929
1 627 39 605
1 455 256 389
2 69 603
3 955 932
1 494 531 196
4 505
2 705 269
3 925 848
1 533 778 129
4 316
2 959 835
3 562 3
1 322 810 360
4 396
2 645 710
3 576 8
1 47 880 877
1 624 163 488
4 637
2 350 328
3 194 643
1 683 317 343
1 807 536 571
1 559 710 860
1 696 111 303
3 437 597
1 656 594 947
1 836 364 594
4 95
2 69 344
3 840 193
1 347 551 693
1 172 296 315
4 499
2 374 605
3 637 993
1 704 7 499
2 613 415
3 633 981
1 264 454 615
4 592
2 630 30
3 829 87
1 771 968 498
2 231 501
3 986 640
1 832 690 75
1 510 27 441
3 121 186
1 239 13 157
2 532 354
3 836 142
1 719 527 260
4 236
2 3 534
3 981 786
1 249 129 528
3 607 523
1 130 379 446
2 799 187
3 360 909
1 10 819 644
4 579
2 179 819
3 398 582
1 703 470 563
2 920 839
3 250 260
1 374 901 124
3 559 449
1 754 778 832
3 905 624
1 464 521 16
4 881
2 291 265
3 102 270
1 185 303 86
3 498 933
1 381 227 392
4 575
2 500 24
3 457 893
1 446 772 547
1 744 765 528
2 862 327
3 717 950
1 104 872 776
4 774
2 550 712
3 725 767
1 578 912 810
4 123
2 903 801
3 192 830
1 105 13 126
1 228 313 399
3 343 242
1 743 626 824
3 829 347
1 918 52 408
3 855 867
1 890 830 113
1 602 172 403
2 753 125
3 850 861
1 758 594 56
3 739 956
1 994 491 657
2 13 511
3 699 162
1 121 25 279
2 181 9
3 961 873
1 826 771 251
3 537 442
1 371 368 209
2 940 602
3 121 852
1 67 625 830
1 6 474 852
1 243 444 114
3 466 597
1 214 612 754
2 9 953
3 54 1004
1 338 58 565
3 316 85
1 202 487 273
1 931 857 6
3 549 851
1 80 972 661
4 908
2 561 184
3 667 64
1 983 869 18
4 28
2 858 185
3 176 246
1 129 146 93
4 634
2 952 313
3 166 109
1 545 704 524
3 541 188
1 922 786 985
2 830 719
3 94 163
1 748 572 823
2 944 647
3 562 871
1 10 635 965
4 816
2 814 455
3 395 997
1 78 511 433
3 940 112
1 772 438 834
2 476 181
3 237 835
1 432 542 689
3 964 638
1 795 852 827
1 673 323 966
2 42 510
3 608 496
1 708 509 802
1 725 986 334
3 337 572
1 834 321 458
1 151 688 812
2 852 902
3 754 18
1 71 478 418
4 897
2 581 405
3 678 332
1 342 534 696
3 208 822
1 160 746 942
3 65 92
1 781 962 626
3 183 436
1 127 466 505
4 874
2 975 885
3 612 621
1 620 142 126
3 191 921
1 197 382 119
3 485 506
1 915 954 275
2 111 982
3 538 972
1 907 118 875
4 317
2 406 42
3 41 245
1 330 446 572
4 45
2 650 254
3 723 712
1 354 738 962
4 884
2 973 406
3 808 255
1 501 980 645
4 170
2 591 703
3 679 989
1 874 466 704
3 935 992
1 316 812 103
3 778 275
1 386 16 666
4 205
2 583 404
3 617 61
1 988 320 312
3 669 140
1 353 487 494
1 376 127 859
3 658 924
1 351 983 989
2 988 620
3 619 885
1 511 768 354
1 564 841 25
4 300
2 679 218
3 622 647
1 100 284 427
1 205 216 351
3 673 566
1 779 661 209
3 285 876
1 557 518 912
4 217
2 851 982
3 363 349
1 983 157 635
1 953 165 430
1 408 408 684
4 105
2 604 804
3 595 292
1 487 131 418
4 22
2 722 765
3 455 947
1 882 674 940
2 855 617
3 105 11
1 331 513 272
1 429 190 575
1 825 505 919
1 76 378 883
2 676 759
3 498 1006
1 574 205 139
1 327 672 848
1 868 702 857
2 56 610
3 533 808
1 788 445 135
2 277 213
3 243 238
1 88 707 604
4 564
2 893 342
3 31 254
1 102 582 742
2 828 497
3 52 989
1 422 66 748
1 59 961 850
4 2
2 232 657
3 364 874
1 868 406 715
2 520 257
3 565 490
1 346 199 90
3 700 933
1 139 192 621
1 100 672 191
2 203 122
3 397 200
1 84 687 578
4 280
2 464 686
3 486 42
1 686 28 798
1 531 509 657
2 682 1
3 317 175
1 936 572 834
4 418
2 434 658
3 815 120
1 26 817 680
1 343 71 29
3 582 545
1 989 551 31
4 586
2 405 960
3 751 396
1 516 513 397
2 183 463
3 769 385
1 218 577 269
3 912 826
1 300 71 396
4 252
2 326 208
3 869 761
1 59 5 630
2 73 942
3 83 73
1 106 995 395
3 899 85
1 903 521 907
2 57 343
3 221 535
1 906 133 671
1 824 187 911
2 855 806
3 333 439
1 945 503 816
1 390 193 681
2 63 957
3 925 198
1 504 123 462
2 411 94
3 387 472
1 766 49 197
2 785 675
3 156 420
1 666 587 17
2 672 413
3 972 799
1 948 558 703
2 209 217
3 192 790
1 111 810 989
4 950
2 140 621
3 249 739
1 173 489 255
4 506
2 381 925
3 75 343
1 110 449 596
1 763 900 533
3 771 788
1 149 951 975
4 283
2 707 163
3 689 579
1 74 158 492
4 509
2 704 522
3 352 432
1 985 551 950
3 82 637
1 520 723 422
1 20 442 832
2 485 630
3 656 4
1 555 215 81
2 545 899
3 331 65
1 924 26 987
3 207 13
1 827 206 901
4 993
2 789 614
3 426 353
1 61 488 715
2 501 554
3 964 533
1 138 122 514
2 990 492
3 319 517
1 151 904 216
2 207 573
3 530 367
1 948 19 278
4 898
2 645 589
3 280 264
1 541 302 239
3 266 33
1 925 942 697
2 864 757
3 826 997
1 821 433 239
3 991 830
1 289 213 177
3 989 57
1 937 460 311
1 167 590 636
2 20 34
3 635 934
1 256 441 330
2 902 679
3 577 596
1 236 547 749
3 797 59
1 196 200 247
1 219 288 891
3 998 927
1 586 708 746
1 741 231 371
4 977
2 772 280
3 154 459
1 880 572 102
1 104 136 644
1 866 193 837
3 281 454
1 702 571 474
2 883 261
3 181 550
1 59 684 989
4 739
2 397 556
3 950 486
1 297 610 20
1 747 983 587
2 624 843
3 1 247
1 801 983 428
2 125 852
3 597 806
1 955 34 566
2 231 55
3 544 962
1 679 982 564
2 359 427
3 874 198
1 198 940 804
3 770 965
1 373 762 534
1 117 280 617
1 487 165 380
2 140 658
3 481 227
1 233 808 448
3 777 86
1 967 267 772
1 511 183 264
3 51 952
1 736 203 448
3 315 456
1 718 130 285
4 34
2 929 639
3 894 359
1 103 359 343
1 776 455 114
2 862 469
3 978 611
1 234 450 398
2 241 707
3 811 397
1 695 125 772
2 160 984
3 12 814
1 889 150 682
3 499 166
1 325 71 860
2 871 15
3 679 200
1 258 233 697
3 934 179
1 26 431 938
4 204
2 365 592
3 101 496
1 239 188 442
4 263
2 54 240
3 259 917
1 660 738 890
2 99 664
3 854 269
1 100 469 541
2 968 715
3 320 770
1 8 949 244
4 561
2 373 248
3 180 144
1 451 774 796
3 630 856
1 727 48 450
