5000
67 32
28 78
96 15
21 40
10 58
87 59
18 80
2 48
55 89
22 12
46 97
3 65
25 12
86 11
39 58
94 11
7 74
66 19
2 44
2 91
54 96
32 78
40 93
14 72
36 5
81 82
19 97
24 82
26 17
8 29
45 86
26 78
86 11
39 77
80 89
32 68
6 9
67 25
80 75
48 8
47 85
71 66
4 37
44 42
43 22
45 47
13 64
68 66
64 55
44 93
97 6
2 20
15 16
71 87
38 83
93 45
18 7
81 83
61 69
82 68
74 28
87 83
51 56
17 86
70 18
65 70
71 39
45 38
93 68
17 45
98 92
48 14
40 84
58 54
30 60
52 24
14 7
18 15
52 49
73 94
26 83
45 4
1 79
36 95
21 84
96 5
93 32
81 63
5 36
75 54
35 64
51 55
59 95
11 83
54 49
75 90
90 71
17 23
36 75
20 5
9 58
61 73
1 17
42 12
69 51
59 23
48 23
46 79
69 4
62 54
79 82
7 87
52 71
36 12
2 31
89 30
67 16
55 81
87 85
13 30
88 84
64 97
57 66
46 99
4 45
58 56
65 57
59 40
2 72
87 22
48 99
2 74
37 54
43 19
64 54
54 28
82 32
63 5
99 4
66 56
56 68
80 81
65 42
92 17
58 9
5 62
2 87
95 87
29 42
49 45
59 68
34 99
75 92
26 38
28 7
63 76
17 91
59 14
84 21
81 99
42 9
87 70
41 54
46 31
49 83
88 75
15 89
93 42
83 61
9 48
9 29
100 90
75 3
92 1
37 30
99 77
73 43
53 12
55 49
72 45
3 16
28 83
58 95
46 5
59 78
27 48
63 7
82 78
86 27
94 85
91 96
69 83
34 48
78 16
90 4
32 82
30 50
2 79
31 24
82 12
21 50
21 81
52 5
21 97
7 61
38 35
96 60
81 69
43 32
30 72
100 7
24 37
34 1
94 26
53 94
64 68
50 20
50 83
62 35
68 82
88 35
56 49
51 90
35 24
83 75
2 30
59 98
52 82
51 17
48 57
2 14
29 84
63 65
71 19
19 61
84 46
51 82
71 54
68 66
41 19
66 88
42 2
89 68
65 38
81 49
94 59
97 75
20 56
6 37
92 48
41 38
100 79
78 42
27 35
11 27
76 3
8 25
90 62
60 31
15 67
28 22
63 84
42 27
90 85
61 20
16 58
19 71
93 51
55 87
62 43
24 63
98 35
21 72
40 12
59 85
65 48
24 61
65 12
57 100
99 22
70 38
68 66
1 20
10 77
96 61
69 54
35 48
35 19
49 18
83 15
22 83
47 62
1 60
8 84
10 83
42 27
47 14
63 46
43 29
72 82
51 11
99 72
20 15
23 71
5 91
93 96
33 97
7 11
23 51
22 3
54 80
95 37
67 77
42 9
57 98
43 37
67 54
62 34
71 44
73 20
95 55
74 6
24 50
58 2
87 36
92 98
51 19
7 34
74 59
68 16
99 10
26 22
56 10
54 31
29 39
69 69
96 41
19 29
79 91
27 23
55 53
65 63
18 12
30 17
7 28
62 65
9 39
98 66
29 35
32 88
16 87
36 70
49 54
76 37
94 49
76 75
56 44
6 84
87 22
60 55
8 88
3 79
43 7
10 72
32 21
80 87
73 33
74 52
60 98
88 71
17 42
77 33
83 19
10 77
39 70
31 66
48 15
60 75
73 27
55 56
8 31
97 42
53 70
86 86
67 85
16 26
44 6
75 85
62 59
59 17
100 60
58 81
67 16
93 99
19 62
64 46
98 98
48 29
58 48
89 92
8 91
52 99
87 35
90 68
51 79
25 75
16 84
19 5
34 40
85 93
18 30
10 83
44 22
16 46
10 99
34 99
53 100
38 8
39 72
81 57
73 37
41 86
14 54
74 56
19 39
45 93
52 1
40 82
51 11
78 91
8 13
18 82
5 95
45 39
74 12
17 8
51 19
95 75
1 33
89 100
23 65
68 93
22 100
43 39
59 5
69 91
3 64
8 57
63 33
35 36
54 72
5 58
75 54
98 100
39 7
1 77
46 73
79 87
81 35
15 95
72 15
78 31
61 45
81 25
29 38
89 69
17 92
94 17
32 38
19 77
31 78
25 74
57 25
89 63
24 70
87 33
95 91
53 58
29 72
21 93
2 38
18 8
53 23
40 12
6 3
17 16
69 70
46 19
50 15
3 99
98 89
40 86
94 15
33 48
39 45
83 81
78 96
51 81
100 47
38 76
85 52
45 95
57 29
27 92
95 44
49 41
1 59
21 24
75 76
47 74
3 16
99 53
57 14
47 78
48 22
60 23
17 91
10 77
15 50
34 78
50 48
42 92
12 37
23 37
100 98
14 66
17 92
43 54
99 30
51 17
64 33
51 44
54 62
9 63
79 16
75 76
13 62
59 17
90 67
41 21
71 72
79 19
89 34
56 3
32 17
66 13
68 48
27 12
12 42
34 39
1 64
35 62
11 100
99 79
13 9
84 18
87 100
9 86
47 54
97 69
53 51
89 39
28 23
83 37
4 83
96 63
17 82
38 60
3 36
86 98
40 79
96 82
44 76
29 53
67 84
88 26
52 79
4 66
92 66
16 81
76 100
32 79
7 82
79 35
83 87
34 59
11 44
64 44
37 41
22 63
6 12
97 32
22 51
54 90
28 4
69 84
41 83
69 62
72 23
63 98
42 5
45 4
50 94
49 49
96 67
61 56
2 41
69 19
20 53
4 3
48 86
87 56
80 22
60 84
58 91
69 6
4 41
83 44
29 3
18 84
16 61
10 1
80 65
84 33
68 42
45 94
84 80
94 63
31 78
80 9
30 84
50 94
89 57
33 76
37 32
80 49
21 73
20 57
9 94
97 64
56 10
26 78
16 42
17 41
8 83
62 98
65 59
98 38
53 43
39 98
76 28
50 20
39 81
40 84
43 61
41 80
38 17
50 64
37 76
92 72
49 68
98 38
25 92
48 30
84 32
100 1
99 93
85 22
58 6
69 67
84 18
83 59
100 98
14 90
57 45
65 54
64 7
31 77
88 75
72 39
2 24
41 37
75 13
16 86
39 36
36 53
51 100
72 95
29 87
69 58
37 94
49 59
24 70
1 96
77 91
55 44
56 55
9 19
54 61
80 61
32 63
88 82
75 68
23 87
40 22
28 60
18 59
39 69
100 70
6 98
35 73
17 38
32 33
77 90
70 65
89 1
62 82
34 59
42 99
97 52
19 12
91 86
22 24
65 82
98 51
95 83
20 77
21 23
79 97
8 86
69 5
94 8
82 90
38 47
15 55
94 13
81 33
81 54
59 65
67 5
53 97
47 15
3 75
72 13
78 64
55 40
49 13
56 30
42 56
23 6
74 20
53 74
74 68
15 76
48 5
58 59
69 59
28 83
72 95
14 68
11 14
30 75
25 8
74 89
64 81
34 56
15 32
91 84
78 67
32 90
60 26
58 3
10 63
62 38
99 16
29 90
92 35
32 47
56 63
57 23
94 44
6 14
50 81
27 1
5 16
29 34
49 58
30 49
12 31
66 29
36 40
80 97
63 15
21 72
56 38
52 80
86 52
36 55
75 77
26 31
35 40
26 71
18 22
38 49
40 92
12 27
51 17
29 49
38 77
47 95
16 77
80 50
51 52
39 88
62 82
23 90
45 67
34 58
15 22
64 68
24 46
27 68
96 88
53 16
60 18
15 20
12 12
73 71
4 61
24 7
7 45
27 5
41 24
21 82
76 49
85 81
61 92
67 84
36 13
63 16
37 2
56 13
68 62
66 26
59 99
58 79
83 1
25 48
68 81
80 55
49 16
28 76
47 72
78 68
21 35
48 8
45 65
92 72
92 33
36 40
27 90
62 57
44 76
6 3
35 4
63 21
98 56
23 54
43 24
58 39
80 56
3 1
88 11
99 16
72 47
34 52
20 26
52 27
99 8
38 31
76 34
41 85
3 83
74 22
43 93
67 45
62 26
65 78
42 47
82 33
12 49
53 10
78 34
63 100
1 62
92 7
69 47
79 10
28 37
62 72
73 27
22 63
61 18
9 99
75 51
33 68
1 38
24 10
13 16
92 16
52 50
17 79
48 55
32 25
50 8
71 69
92 9
30 32
55 56
52 8
27 69
3 28
73 64
56 25
97 6
22 12
6 76
96 48
83 5
13 16
63 75
96 24
87 93
20 16
38 51
54 22
66 18
64 50
81 29
92 70
70 8
30 19
29 59
62 17
45 19
58 1
9 65
70 61
84 69
16 44
52 69
10 4
60 85
50 28
58 26
89 10
73 100
51 25
75 9
47 74
33 83
26 24
14 31
100 81
38 98
61 71
88 92
61 63
77 28
83 56
86 63
43 15
76 25
74 86
39 84
62 83
81 54
69 91
84 41
3 63
1 8
60 81
54 93
54 17
18 5
7 22
31 72
53 39
48 98
47 83
5 1
55 85
56 96
29 68
77 86
34 63
61 99
36 18
37 28
74 32
45 45
27 4
7 1
32 78
94 68
9 91
37 92
51 67
54 4
35 86
63 76
90 85
2 75
10 91
11 73
48 52
24 48
70 48
44 85
27 6
12 59
57 15
79 76
50 62
7 48
46 34
97 5
75 10
76 39
54 68
63 59
13 59
17 18
22 57
21 81
31 77
72 27
74 54
59 63
19 45
43 62
75 31
82 90
32 61
31 68
67 43
29 4
45 23
22 91
88 64
30 65
7 87
5 31
41 100
57 43
75 36
90 23
25 89
4 99
82 43
51 74
5 42
94 42
23 87
30 10
38 28
83 33
28 78
10 37
57 9
65 97
1 3
77 39
58 85
30 56
48 34
84 73
49 84
24 30
39 4
36 21
60 73
72 33
42 4
17 43
47 98
91 57
26 91
62 57
90 86
76 1
31 64
42 48
67 17
36 43
59 9
66 38
2 15
69 32
32 32
57 86
26 78
59 42
18 19
70 95
35 24
42 29
70 69
38 21
22 82
30 47
84 46
11 77
66 99
34 20
27 3
22 74
4 22
10 26
84 55
94 71
22 91
8 21
14 64
50 18
63 82
87 52
29 72
95 96
51 32
71 3
94 40
76 46
74 64
30 99
4 12
52 74
9 8
6 13
51 77
88 64
70 17
1 32
44 17
38 18
39 15
68 78
10 75
11 52
58 34
61 6
39 13
38 64
12 90
81 93
76 80
94 59
69 80
54 37
57 100
64 2
42 43
61 56
22 84
19 38
68 56
85 15
49 58
70 69
67 81
27 33
25 90
78 35
91 58
4 11
1 6
93 13
26 8
39 75
87 60
56 57
71 80
8 74
74 28
2 88
5 18
21 60
76 65
79 63
78 67
97 84
84 73
77 51
48 62
68 17
36 34
14 97
96 88
80 23
88 14
21 91
10 36
24 23
10 84
68 16
71 20
91 67
21 12
69 88
59 18
65 27
74 19
50 18
91 88
67 85
14 16
74 80
27 28
42 54
22 60
87 38
97 20
28 63
100 51
83 27
60 19
63 29
45 5
14 79
31 82
20 37
74 51
15 100
24 48
1 41
41 91
39 41
77 35
31 25
87 23
72 14
18 1
44 71
100 94
95 14
12 68
3 79
4 10
91 58
24 18
39 56
42 84
92 9
18 94
40 61
16 11
17 59
51 29
6 85
100 98
14 89
91 41
28 59
77 61
18 72
44 13
46 58
3 92
82 94
57 20
75 62
31 7
64 47
35 62
60 90
12 43
53 41
48 86
27 48
9 88
76 24
23 42
25 29
44 10
77 51
17 65
76 46
85 16
63 30
75 88
38 59
77 63
98 45
50 86
44 36
51 84
9 36
90 72
95 31
95 14
77 73
79 73
59 75
1 85
89 95
27 23
79 84
74 42
63 11
94 17
39 65
4 52
65 98
32 67
94 85
89 24
46 56
51 89
28 6
16 42
53 36
74 12
81 45
28 2
30 53
95 51
88 100
67 9
53 34
62 52
37 63
37 5
16 64
28 12
67 75
66 92
1 47
57 58
51 6
67 49
14 21
30 57
51 21
85 81
15 78
48 46
92 88
20 32
52 65
31 42
8 10
34 50
40 25
71 30
81 86
94 30
27 1
63 94
68 100
10 42
60 29
49 29
7 41
29 93
48 98
3 36
68 91
73 12
46 74
5 55
75 23
54 74
81 81
85 18
64 24
65 76
97 54
14 45
14 87
62 21
97 36
13 81
77 13
78 50
91 98
39 57
25 7
30 16
20 91
8 82
41 3
83 9
96 62
18 31
62 8
23 27
96 91
20 94
81 97
54 49
15 68
72 52
36 51
15 8
20 58
37 97
89 63
3 83
31 93
90 18
9 8
25 63
36 11
73 81
42 15
9 4
90 97
32 89
26 18
8 42
57 45
36 3
78 89
73 50
40 27
53 66
68 81
88 66
40 80
80 84
6 59
94 24
52 33
4 7
64 26
14 27
71 25
52 37
26 12
79 36
25 79
20 64
67 2
3 47
2 49
4 67
99 5
97 24
37 92
28 74
3 45
48 10
70 34
66 62
67 58
51 51
21 34
26 95
15 2
39 94
9 44
33 24
63 52
56 36
13 94
67 23
77 64
99 56
26 15
42 2
87 97
89 14
63 49
32 35
70 30
71 8
16 91
12 45
57 18
36 68
17 63
46 45
68 63
27 3
76 46
71 10
17 58
2 90
53 14
22 61
74 58
80 4
45 19
13 13
20 73
55 41
11 90
9 24
74 2
99 6
90 73
33 69
73 89
42 18
54 21
3 68
81 73
21 70
15 27
60 41
42 74
65 50
28 72
27 45
77 33
96 90
5 49
69 19
83 90
32 54
66 72
8 56
97 21
27 10
10 53
3 68
62 64
94 39
69 9
60 83
39 23
29 65
22 94
75 32
26 81
68 94
85 97
60 14
77 28
66 69
50 35
85 62
100 9
77 61
92 69
61 74
6 29
27 18
40 100
2 41
69 1
92 51
39 38
72 25
57 79
49 42
83 14
4 19
24 23
86 83
95 92
70 87
5 27
53 45
26 27
95 73
17 11
45 76
93 97
48 5
21 42
29 62
57 38
48 32
22 43
42 81
41 85
54 13
12 45
12 22
46 2
21 49
99 91
86 38
37 86
15 27
4 5
97 80
57 19
99 52
59 25
33 44
85 93
70 76
87 99
84 70
63 62
5 52
55 5
69 12
100 87
25 61
24 44
54 52
25 45
90 60
53 13
54 71
57 100
97 24
70 24
20 21
73 43
99 94
45 41
66 54
38 14
55 6
12 54
39 18
42 67
20 30
1 67
14 6
12 22
40 38
85 74
85 17
3 17
38 47
74 70
50 32
44 89
5 51
17 48
33 27
21 46
38 68
52 38
20 5
10 47
63 57
72 91
42 80
83 60
54 80
64 18
5 91
40 98
30 86
1 62
92 38
36 74
87 6
100 59
29 5
3 66
81 14
83 36
36 77
4 51
36 20
52 63
18 86
48 2
47 26
77 52
11 91
65 51
65 34
94 54
64 81
83 73
6 7
91 88
82 85
94 39
28 27
95 70
54 53
22 28
91 79
73 22
58 3
14 9
64 42
95 63
63 94
34 98
71 59
14 85
37 58
42 45
65 18
24 91
16 37
16 46
27 86
34 67
79 33
93 51
97 14
10 82
95 42
77 42
68 55
53 77
96 66
38 86
72 40
26 97
49 64
81 86
7 78
50 68
55 57
73 19
36 24
34 90
78 76
62 41
76 45
61 5
32 21
3 25
69 1
67 77
40 69
69 89
74 83
98 25
81 91
58 55
76 14
41 24
68 17
42 2
4 100
100 97
89 78
61 89
27 5
98 12
46 65
63 95
96 26
35 58
18 32
88 72
70 84
54 36
92 3
97 34
80 60
88 33
86 73
65 41
10 49
15 64
35 46
45 84
99 54
68 39
9 19
62 53
93 60
81 34
91 81
80 18
23 54
55 77
16 18
65 50
43 93
65 49
14 47
98 36
28 15
16 95
64 73
86 52
82 36
74 78
72 43
33 68
77 76
47 84
46 6
15 20
70 23
46 73
96 17
34 66
94 50
53 40
39 89
27 55
24 27
5 47
88 62
74 4
79 49
27 91
17 72
97 91
94 89
1 58
4 15
33 31
22 58
98 36
96 43
50 23
72 82
94 43
99 85
78 48
85 18
39 26
76 64
29 74
76 2
27 14
35 13
40 87
71 3
51 40
32 55
53 52
62 39
9 52
68 72
24 58
46 65
7 1
80 38
90 83
67 67
30 3
56 59
97 62
15 78
32 20
62 90
69 6
25 36
34 11
4 27
90 64
67 57
43 12
57 3
96 100
76 14
3 42
12 82
49 84
90 33
73 35
31 55
94 53
14 37
1 16
54 3
83 96
47 99
71 46
78 71
90 46
67 9
54 66
54 53
4 52
90 19
90 67
66 75
57 96
40 33
95 42
39 60
79 55
39 50
95 41
52 100
22 77
31 72
39 33
7 56
3 40
96 9
47 42
61 12
52 80
72 12
10 59
54 36
18 12
54 66
7 55
98 32
99 84
80 21
99 81
71 20
84 82
83 41
92 81
56 44
41 13
1 54
27 49
68 17
4 77
97 99
11 65
41 82
65 33
88 70
52 7
49 52
89 23
48 14
53 88
32 95
82 11
12 4
11 85
92 30
77 92
60 62
59 2
12 43
64 86
12 59
36 95
58 68
84 74
14 88
42 54
5 95
33 90
9 33
36 59
7 84
41 38
58 30
56 84
20 21
100 80
43 54
69 77
81 65
43 21
59 84
20 89
70 58
84 69
91 73
64 14
41 29
64 31
68 3
52 13
44 2
50 87
50 89
21 40
51 18
33 10
51 53
61 55
60 7
25 42
78 85
70 16
57 63
14 59
53 46
48 82
5 46
16 83
40 20
75 62
99 79
22 66
19 71
59 5
18 75
79 99
52 91
13 15
28 62
28 77
70 18
93 99
99 28
71 43
67 33
95 33
38 13
77 81
47 79
52 7
57 9
98 69
78 10
99 16
65 9
68 47
30 71
85 28
93 64
20 85
11 78
96 38
16 58
64 15
10 76
66 52
68 33
70 88
87 51
19 75
57 4
35 95
70 22
6 53
64 18
29 59
13 62
44 73
56 73
14 32
5 58
3 82
48 48
79 23
93 24
9 36
31 55
94 90
86 78
19 73
63 67
36 50
1 58
50 61
91 19
23 99
55 50
21 27
33 68
9 79
4 60
57 30
88 51
39 100
61 11
68 81
79 94
71 85
62 97
10 8
24 74
55 21
9 35
19 68
66 20
44 69
53 92
99 39
4 54
68 96
72 54
80 17
79 63
36 90
73 71
100 40
4 25
39 38
2 61
85 9
68 37
32 67
28 43
55 33
94 79
40 56
14 34
1 45
100 19
62 95
1 4
81 70
46 4
33 94
95 69
51 38
30 37
21 89
76 33
89 1
82 11
83 22
48 39
54 45
22 12
12 2
39 13
95 98
15 24
98 1
8 93
37 63
53 11
92 89
1 74
22 86
66 84
20 43
53 53
47 20
32 45
84 77
3 41
63 76
43 72
58 10
16 36
39 11
8 31
23 53
65 43
16 18
83 9
45 39
66 21
72 24
23 91
5 96
64 96
29 75
37 17
74 7
20 51
5 99
12 78
59 39
50 43
52 11
12 43
81 62
50 50
65 99
62 72
35 33
87 11
14 56
81 33
96 14
7 96
67 95
85 79
77 9
100 6
95 35
38 53
16 3
90 41
51 6
94 55
70 2
91 81
20 63
32 82
86 23
62 50
69 19
22 74
19 91
80 93
23 44
56 51
74 24
30 56
64 24
98 85
66 85
88 98
69 60
18 96
26 32
88 25
8 11
59 12
27 23
49 23
30 78
64 93
39 55
1 53
57 23
99 16
15 68
84 47
63 35
78 53
6 4
14 26
26 98
41 56
76 72
52 12
26 35
71 16
32 29
64 52
99 89
60 51
73 4
33 75
88 56
89 47
77 74
59 52
48 29
52 10
1 45
29 41
5 62
92 67
71 49
30 63
40 95
86 99
97 52
55 90
75 14
3 45
91 15
68 63
51 36
16 27
12 87
75 13
74 58
15 3
73 57
76 32
14 69
89 18
73 10
23 29
8 22
79 96
63 35
41 84
25 7
63 1
12 10
75 60
57 12
6 26
23 27
93 95
67 23
52 11
22 4
100 55
18 76
85 91
43 78
37 98
76 46
36 43
1 30
72 14
58 64
98 18
99 72
38 14
65 57
4 90
97 39
12 28
19 92
26 66
46 92
37 49
27 48
45 34
51 66
35 64
100 73
70 7
50 76
55 19
86 90
44 12
48 51
68 36
6 10
86 69
20 60
12 14
45 59
10 40
94 76
88 61
21 89
8 27
25 91
43 62
60 95
13 48
93 48
38 28
59 49
84 29
41 3
63 24
88 9
97 36
98 82
78 86
41 42
68 28
67 5
94 25
98 64
26 78
83 74
18 79
38 22
85 81
58 13
74 11
55 19
35 43
27 81
77 78
94 85
19 38
19 77
94 86
60 77
4 27
29 40
24 98
88 25
56 42
45 82
24 67
98 93
70 55
14 4
18 73
29 94
33 59
27 68
12 84
86 30
11 34
81 99
31 48
63 6
42 7
79 6
13 77
17 58
18 18
53 21
85 3
14 93
89 45
34 79
83 20
36 10
82 11
18 3
39 25
40 69
95 80
68 52
2 88
60 24
35 20
41 2
57 93
65 26
12 87
44 39
57 21
82 23
30 54
84 40
69 17
7 33
38 45
21 57
75 45
59 89
52 23
75 57
3 30
47 28
61 26
1 59
82 11
48 23
70 100
59 6
37 45
73 12
3 31
76 93
71 83
94 38
41 9
45 60
47 94
70 48
5 13
9 42
91 6
70 91
63 32
83 60
46 52
56 96
100 77
39 36
55 34
61 43
47 30
45 60
71 98
100 94
24 76
72 67
48 55
37 22
72 11
100 71
57 46
94 70
70 35
48 66
46 58
5 59
90 20
33 40
50 77
11 90
97 55
62 47
32 97
83 70
6 76
18 71
89 64
5 33
4 70
5 95
93 12
52 32
29 25
67 90
82 99
33 80
84 71
15 66
20 100
61 69
44 11
41 68
87 33
91 75
96 84
81 78
32 43
12 92
65 1
2 96
88 25
73 27
82 19
31 12
75 97
4 12
75 12
77 70
14 13
3 70
14 36
8 68
22 95
11 20
41 14
26 55
79 42
90 53
67 7
79 72
54 11
94 39
59 52
31 52
95 57
4 43
3 51
53 25
79 45
87 24
70 78
26 27
24 2
90 24
14 88
25 8
36 62
65 50
99 82
37 100
14 79
12 78
42 7
50 9
81 56
98 55
75 16
24 80
18 50
64 33
80 93
67 82
58 67
95 93
4 98
1 28
74 90
22 75
93 91
30 83
57 24
50 27
53 33
71 49
78 93
16 23
25 66
35 27
48 1
50 35
25 77
53 25
3 91
82 86
49 68
89 17
66 42
62 66
8 40
51 8
43 31
34 24
48 92
95 11
89 100
73 69
87 70
99 15
23 84
84 50
52 13
92 13
86 93
37 57
51 61
12 63
14 28
86 86
93 38
5 73
57 65
92 35
85 41
33 57
43 28
8 28
46 14
29 80
53 89
29 100
67 68
39 27
79 9
24 78
77 80
63 23
18 22
83 97
60 99
57 17
66 12
46 68
87 71
65 26
32 74
37 19
15 10
78 84
17 25
16 24
56 7
28 71
61 30
6 3
24 31
34 93
82 50
75 66
30 61
24 99
39 49
13 22
28 10
10 49
33 24
79 100
93 18
23 66
69 34
69 52
64 69
92 22
7 56
49 78
47 7
99 14
17 13
53 36
45 40
80 80
54 83
43 34
93 25
42 60
44 48
60 70
41 57
95 12
14 38
9 8
11 41
80 92
98 91
41 42
83 17
98 31
65 5
25 41
35 85
76 72
82 79
87 27
54 48
35 2
67 59
12 79
38 44
56 89
8 70
5 44
94 68
77 99
41 87
86 58
4 96
45 28
68 96
70 88
48 77
40 74
53 51
28 40
83 3
84 29
92 66
94 26
9 29
58 48
83 55
72 5
27 73
5 54
14 25
13 64
2 21
34 42
17 70
11 87
79 54
83 76
57 87
66 100
28 53
16 9
47 31
45 26
5 5
76 15
83 92
69 25
9 67
9 27
94 68
95 72
93 78
8 29
65 74
98 21
64 67
58 24
80 67
47 13
46 94
11 11
35 17
4 89
96 19
21 49
77 94
66 66
6 30
77 22
68 58
19 74
33 11
90 95
86 37
72 81
97 87
28 78
20 78
71 97
4 53
94 100
49 88
91 94
69 14
41 93
11 67
35 23
26 2
51 67
62 15
27 31
47 8
12 24
40 85
3 45
77 94
13 7
19 52
17 33
7 43
16 83
94 58
4 56
76 3
45 88
60 100
4 51
59 62
44 24
59 42
46 9
66 9
100 3
83 52
46 81
88 75
85 72
40 14
32 45
55 22
40 38
56 57
38 49
38 28
74 91
98 11
34 57
64 78
40 57
64 47
21 86
19 17
98 39
34 15
41 17
42 43
40 4
84 73
23 17
59 98
16 73
100 54
10 8
6 94
86 3
6 58
42 22
80 46
66 70
47 34
2 86
25 31
45 76
71 100
58 3
75 13
16 26
67 26
38 35
65 92
53 17
83 100
17 75
61 92
70 51
76 6
34 14
65 93
55 12
95 18
99 38
46 84
20 2
56 8
93 98
88 52
24 9
84 49
42 59
55 90
20 39
8 27
39 90
30 18
2 41
96 36
14 43
35 7
70 60
53 43
5 73
100 67
81 25
96 45
93 32
69 24
61 94
88 21
36 50
63 100
82 27
40 89
20 58
18 87
80 29
94 39
13 28
61 40
71 50
61 89
63 47
77 55
1 79
84 77
57 21
81 85
95 5
44 74
15 43
41 39
57 41
78 61
45 78
10 19
73 36
43 40
58 71
63 54
85 28
23 74
86 81
40 61
2 49
87 81
16 41
25 59
41 64
94 3
5 33
87 100
1 7
99 55
67 62
88 74
83 43
54 89
51 28
3 59
97 97
70 68
20 86
1 19
8 34
86 92
81 79
14 52
30 55
9 52
31 94
48 73
36 65
16 57
69 79
10 55
74 62
20 15
41 96
67 36
94 94
21 41
82 29
80 58
72 75
12 9
68 28
18 93
85 2
42 10
34 38
38 5
91 56
51 96
9 76
3 41
7 54
27 100
58 14
20 47
99 1
1 2
52 12
11 86
65 98
19 44
23 64
75 9
42 99
71 85
98 86
26 39
15 60
90 8
78 52
72 90
56 99
95 97
65 50
46 46
79 4
28 12
32 67
80 80
50 74
77 14
38 1
92 17
22 97
47 33
63 13
16 39
13 78
71 60
77 61
52 83
65 38
68 97
2 77
22 42
2 74
25 77
3 87
100 3
96 84
65 8
11 54
41 54
11 9
28 14
38 55
32 48
22 54
5 11
59 11
72 57
56 59
26 96
19 62
23 73
38 79
65 56
40 83
75 44
86 74
91 48
14 90
27 6
50 45
84 59
77 5
83 43
31 25
49 90
93 63
72 80
46 40
62 97
12 100
85 92
43 51
8 73
52 47
89 64
48 3
15 76
78 50
74 23
47 4
53 36
81 46
36 87
54 65
90 48
45 53
84 30
84 25
50 1
16 62
73 42
50 27
66 22
68 88
42 98
24 100
91 73
87 23
42 38
92 52
77 84
65 77
19 31
11 52
14 1
54 86
12 40
83 87
56 90
34 81
27 15
10 16
70 5
31 57
91 54
90 1
76 41
54 61
15 14
22 88
51 39
58 61
9 99
12 49
34 31
12 78
4 66
57 97
87 93
17 98
59 66
74 22
95 19
3 17
71 11
19 60
6 10
8 77
77 10
31 22
4 25
53 83
26 55
13 87
66 95
97 80
61 18
10 53
65 47
92 37
92 31
33 66
14 35
28 51
3 70
33 18
25 44
95 84
84 95
26 2
54 97
71 96
53 31
21 76
11 81
77 73
90 93
59 4
100 96
62 79
48 22
78 80
17 61
85 89
79 13
45 25
52 15
55 85
68 39
67 69
12 67
66 56
52 29
63 79
11 72
99 49
79 90
91 94
89 39
23 93
50 13
44 46
23 88
50 13
10 53
39 53
41 19
83 44
38 15
72 63
56 3
13 32
38 74
30 78
41 71
58 9
46 12
5 55
52 88
66 94
91 62
27 79
58 44
100 43
18 76
46 32
31 90
93 53
38 19
84 89
96 76
84 41
55 69
2 13
46 79
4 62
61 68
22 41
50 10
73 82
97 75
13 65
23 28
44 92
37 48
42 19
3 70
14 9
4 56
13 52
74 22
41 7
83 14
76 65
57 46
39 40
94 57
65 11
77 41
84 81
99 29
59 64
33 29
12 21
97 58
12 72
24 4
3 69
55 61
46 48
84 75
48 55
31 45
58 22
28 82
83 36
95 42
86 55
47 94
19 36
11 34
41 8
43 9
4 78
53 7
14 58
19 18
69 9
4 71
17 54
37 30
60 29
34 44
45 94
1 28
29 67
98 24
71 1
71 46
67 81
59 35
1 63
77 85
55 79
86 83
96 99
51 61
46 51
72 39
51 87
34 27
83 50
13 49
73 64
70 21
68 77
26 34
23 38
31 22
36 57
53 70
16 16
47 44
27 79
64 5
88 7
51 80
6 5
89 68
53 6
57 37
62 23
53 42
65 93
77 65
62 91
92 99
34 7
57 42
98 45
78 36
40 33
75 38
69 36
66 89
46 78
11 19
23 91
9 6
73 6
2 76
95 45
96 86
64 2
32 83
7 33
55 67
18 47
54 45
95 70
91 64
88 67
30 93
74 9
5 86
97 26
14 85
85 6
64 20
28 74
21 87
18 11
43 15
41 31
62 78
22 21
48 26
79 60
74 10
83 88
59 51
47 73
18 43
23 47
5 4
8 63
27 71
75 70
97 71
18 7
61 35
69 19
34 46
87 50
92 15
70 97
63 52
5 2
38 35
57 60
98 18
86 80
43 10
38 87
46 7
94 65
7 15
72 85
85 81
76 33
88 51
39 57
50 13
46 39
89 36
11 57
68 91
12 39
52 45
83 90
25 39
13 98
9 75
15 23
8 94
11 73
25 18
39 69
28 74
81 78
44 86
93 70
43 22
32 22
99 38
38 31
79 28
19 69
3 1
30 92
20 93
22 6
23 48
68 64
8 52
20 84
2 85
31 50
58 63
93 82
47 56
8 10
60 13
53 80
16 8
1 38
45 66
38 3
96 34
11 53
47 43
70 25
16 30
29 71
25 39
39 11
53 84
83 50
91 10
89 97
28 5
92 91
45 14
20 37
42 95
64 99
72 81
71 73
66 40
43 55
98 88
82 32
65 76
36 61
4 48
33 29
17 94
83 68
95 80
94 88
89 47
8 23
52 56
95 35
19 36
45 79
30 61
98 43
86 75
88 69
41 34
91 84
76 10
70 9
5 52
22 68
18 99
37 97
67 27
14 20
3 97
55 10
24 51
63 74
45 57
41 91
79 52
33 74
32 10
97 69
96 63
26 29
4 22
97 45
96 34
100 13
67 95
42 30
18 64
49 30
93 91
49 94
41 99
97 14
59 52
93 94
59 92
32 58
76 16
47 11
31 98
53 91
19 2
92 77
60 83
64 47
39 72
47 100
20 82
17 57
29 83
32 46
95 95
95 77
58 42
30 94
73 14
10 13
90 79
70 40
71 72
49 69
18 92
82 83
19 85
96 24
35 15
40 10
47 40
3 80
93 23
4 44
26 59
69 34
37 53
61 31
79 4
38 71
87 71
56 36
48 9
98 73
61 21
23 54
96 40
44 64
18 75
76 99
69 15
99 45
72 76
95 46
19 30
36 70
94 58
16 75
55 92
91 64
82 68
39 69
65 18
37 60
60 42
34 16
91 84
65 11
65 65
54 1
68 46
48 50
10 28
94 100
65 25
39 31
31 52
58 65
83 43
100 6
68 33
18 38
83 6
29 64
43 27
33 63
9 61
4 99
32 86
34 31
42 69
6 72
95 62
2 36
22 30
20 40
18 83
16 63
82 3
57 72
24 34
12 25
99 26
42 73
11 95
32 39
25 70
20 93
23 84
74 67
25 35
78 71
41 53
28 73
96 5
75 75
85 18
50 27
37 41
93 100
60 51
32 53
27 47
9 32
50 33
94 58
77 62
56 11
25 2
74 5
8 60
13 80
89 8
93 65
28 47
20 43
78 74
26 86
100 100
69 1
73 46
26 65
37 28
35 76
19 82
54 15
75 50
30 68
29 91
64 55
52 63
57 35
58 17
90 35
70 74
92 46
76 97
90 32
6 56
95 82
59 41
52 11
60 13
50 51
16 52
39 96
28 89
31 80
15 55
17 55
40 56
3 50
2 13
50 82
23 19
17 52
4 88
100 25
68 92
100 49
23 34
74 14
16 2
38 50
91 29
9 85
16 15
92 100
16 91
22 68
69 63
11 11
75 58
79 36
78 44
2 50
77 45
41 79
86 88
38 89
79 5
91 80
83 93
49 17
9 13
34 90
99 18
19 51
80 51
51 81
75 68
47 9
31 85
29 88
11 82
59 8
1 81
68 57
28 84
96 61
30 98
66 100
43 56
19 72
17 60
30 48
86 44
87 56
29 19
40 88
42 61
93 57
37 81
90 44
15 20
55 28
82 87
47 42
2 59
85 6
13 72
42 45
12 28
79 53
70 34
95 13
1 47
28 54
54 87
63 93
50 15
76 49
94 54
87 7
86 89
91 24
78 71
65 100
93 57
73 1
79 86
95 17
84 75
24 55
13 17
70 43
75 59
49 93
22 30
11 44
47 53
43 100
53 34
58 28
44 10
54 36
71 20
90 5
64 89
69 18
30 42
10 52
10 55
89 65
73 43
28 53
8 68
12 76
65 100
28 62
22 80
42 33
83 79
46 73
85 14
84 38
44 67
69 62
48 16
80 6
15 50
96 86
70 29
70 65
67 69
33 58
54 1
18 34
46 99
45 1
66 49
87 78
55 23
74 38
21 69
70 63
73 34
53 51
37 12
53 50
2 38
12 88
13 55
96 17
81 45
85 53
100 11
68 7
84 2
9 63
36 50
43 47
63 7
22 72
56 34
29 85
71 93
53 80
42 34
26 99
64 76
44 16
86 54
41 97
43 93
2 43
9 39
43 9
24 77
6 64
47 93
98 92
65 57
60 14
58 76
18 99
30 12
52 95
33 16
92 20
3 10
97 100
62 65
18 38
53 13
27 24
39 31
28 29
33 7
53 89
89 63
22 7
4 6
88 50
88 12
3 87
25 64
90 76
88 31
44 58
70 43
52 72
32 100
51 57
15 85
100 26
66 22
45 14
1 65
8 61
40 99
56 80
24 60
89 1
26 86
1 61
86 93
65 80
37 67
31 43
38 26
85 29
61 58
30 47
30 29
24 92
53 48
98 45
45 64
54 92
86 24
97 11
69 81
66 71
35 4
33 54
91 94
9 26
24 54
23 7
86 30
92 26
62 7
9 39
52 71
57 84
84 20
41 39
80 90
39 95
17 35
15 29
17 82
18 28
8 70
63 26
58 33
20 5
11 37
33 50
100 5
91 99
13 87
39 51
35 61
80 78
48 93
42 10
85 9
45 69
76 15
90 75
57 25
96 51
86 77
13 69
37 15
58 47
5 23
65 85
73 64
69 41
100 53
75 71
54 92
3 99
62 36
44 64
52 59
92 9
76 7
64 62
68 16
16 21
99 99
57 50
27 65
70 20
16 3
36 96
73 5
86 91
78 65
29 35
71 45
29 42
16 55
55 59
89 12
31 5
76 67
21 57
16 92
28 6
17 80
87 67
50 54
8 69
5 74
49 69
29 94
41 4
12 30
63 29
15 8
25 99
55 91
59 24
21 32
1 45
62 59
83 7
48 7
59 44
71 84
40 50
35 39
13 61
76 79
96 12
91 99
64 90
33 44
73 1
78 1
66 31
20 64
47 3
87 54
17 82
71 22
71 98
84 78
14 74
97 66
90 80
17 77
66 88
9 14
30 77
14 43
16 49
98 96
1 16
48 53
41 65
45 64
8 69
69 2
58 83
71 32
86 80
84 63
98 19
96 95
66 76
46 99
58 35
45 33
32 42
67 87
35 66
75 63
84 22
1 99
79 88
33 60
18 94
72 36
72 64
74 97
77 94
81 68
79 13
16 2
60 49
4 37
90 41
11 18
100 54
17 50
55 69
24 47
23 4
86 40
20 91
2 7
63 27
51 46
21 58
8 36
37 4
73 74
12 34
81 69
82 65
77 97
52 29
95 67
70 99
58 11
22 51
77 90
88 10
82 57
3 67
93 17
47 80
53 66
52 8
22 5
32 23
100 47
13 25
71 74
25 2
71 50
38 86
38 89
12 12
52 86
60 88
46 68
6 54
6 77
82 13
41 57
8 99
26 61
66 65
83 63
54 75
38 16
80 22
30 92
99 9
29 81
46 57
20 94
98 36
88 64
87 19
55 37
40 71
57 5
55 13
4 47
88 80
58 66
40 72
40 63
9 77
78 80
96 30
42 41
68 74
81 46
33 15
20 98
87 49
14 30
72 49
78 77
59 19
92 47
94 68
61 83
34 96
51 89
58 15
9 3
98 22
86 40
37 77
67 7
41 14
80 89
57 40
60 17
94 26
20 71
66 30
28 71
67 81
87 3
32 39
96 20
33 66
66 16
63 100
33 76
26 18
57 93
34 12
42 80
91 73
49 46
29 29
82 95
30 54
54 83
66 51
52 2
18 32
70 16
28 33
97 61
2 17
73 82
75 3
94 85
9 74
43 5
5 58
39 68
49 69
78 15
56 87
28 15
95 14
77 36
94 81
80 95
21 98
49 88
36 74
89 100
76 72
56 11
32 29
54 77
10 19
36 81
15 99
57 95
42 41
17 2
39 94
6 25
39 59
61 44
85 72
78 33
16 14
97 20
96 74
60 26
35 99
3 93
5 63
39 24
33 48
14 36
25 85
10 8
44 62
76 5
11 67
51 77
54 89
73 85
35 77
24 28
10 43
73 86
35 38
53 100
42 73
17 22
30 77
64 11
56 40
83 91
80 45
36 63
12 17
73 53
63 42
27 6
89 17
66 96
66 5
80 95
8 54
30 34
76 56
53 82
23 64
33 83
9 11
6 72
47 89
16 32
82 28
53 28
87 94
91 15
4 96
47 91
3 68
80 82
41 20
65 45
33 40
63 88
99 61
5 26
79 35
40 58
43 44
93 10
56 82
52 68
75 67
19 54
62 63
88 97
16 58
63 5
35 78
68 10
96 7
52 59
97 85
45 96
42 90
83 77
12 93
36 70
17 90
68 23
59 55
97 76
37 42
16 73
75 91
5 14
66 81
8 87
83 8
52 6
27 14
96 65
35 39
96 1
88 57
73 51
61 95
8 74
28 100
36 77
3 27
50 27
56 70
4 32
59 40
41 74
94 20
12 56
5 39
35 1
55 15
22 33
100 73
44 75
25 79
74 22
29 74
2 1
26 47
49 64
7 89
47 82
87 31
54 76
70 46
18 39
73 61
44 13
12 47
22 96
48 44
54 55
3 52
21 21
87 4
58 99
9 31
99 9
34 92
51 96
6 52
64 10
12 83
39 75
94 46
46 7
33 84
45 68
100 52
24 62
33 53
52 91
48 81
80 91
11 63
6 32
25 17
18 75
87 85
50 20
44 70
47 46
28 36
19 70
95 40
83 64
39 58
27 50
35 88
99 97
78 96
28 13
3 69
84 85
66 26
26 55
59 18
78 77
69 27
55 8
34 42
30 27
97 6
54 19
20 40
56 54
7 59
37 42
81 75
85 20
65 84
58 68
36 64
50 59
37 36
10 10
88 30
51 80
47 35
9 95
46 25
38 51
23 7
56 72
33 72
6 56
80 57
43 60
33 46
32 12
62 62
11 16
1 74
25 46
9 35
78 49
25 35
93 6
64 18
17 29
33 1
54 98
28 30
21 6
47 45
47 16
26 22
95 11
9 81
22 42
92 83
18 61
65 1
27 65
84 50
61 87
19 99
58 77
35 7
35 94
35 73
48 16
23 24
37 90
84 62
67 46
78 78
96 95
10 88
65 68
53 20
100 65
29 85
41 22
46 11
6 93
56 13
7 51
31 56
23 94
30 30
43 36
40 6
18 56
32 32
62 17
25 95
89 24
65 70
48 83
89 88
25 14
33 87
55 17
8 66
42 6
51 37
26 12
95 33
64 27
40 37
59 10
98 65
89 7
97 5
51 82
41 100
29 45
24 85
12 11
68 17
92 58
48 3
14 37
9 52
55 5
4 11
91 39
26 36
4 66
60 15
41 27
24 64
25 23
16 100
92 87
98 27
81 90
19 15
29 70
100 39
19 28
97 2
80 54
72 37
5 30
86 56
34 56
48 84
94 91
97 28
28 64
73 98
20 23
1 3
83 66
98 58
59 82
88 53
74 5
52 80
80 42
75 24
75 39
67 16
59 41
51 69
51 19
51 23
30 88
23 61
13 38
85 57
52 99
47 85
46 67
29 33
50 22
91 82
96 72
23 35
17 9
66 58
75 26
67 77
70 93
51 54
46 96
55 7
45 49
7 18
92 13
17 16
15 2
30 64
16 41
99 38
72 8
58 69
8 20
77 26
45 27
47 86
35 44
90 29
99 22
37 44
31 6
43 68
78 91
24 8
52 36
35 41
35 97
11 76
83 30
49 84
27 21
6 96
20 48
49 99
77 14
36 54
8 74
52 19
52 44
33 87
40 68
46 80
22 13
41 24
56 47
3 88
35 51
23 58
68 70
76 81
84 99
35 14
23 5
70 11
24 26
17 13
7 78
38 11
63 34
60 97
38 91
40 94
90 74
92 18
36 97
63 55
68 99
64 22
34 84
38 44
55 15
36 30
5 37
90 6
88 90
84 10
33 42
74 46
23 88
4 57
3 46
50 56
80 13
54 15
24 54
48 40
45 1
83 89
11 73
70 28
37 17
90 21
71 9
38 72
39 72
51 59
42 96
61 6
80 18
33 1
99 87
41 2
1 84
80 75
25 14
91 26
27 98
24 52
2 95
48 87
17 15
57 80
13 87
68 47
6 33
61 87
24 20
35 89
39 7
85 80
2 81
51 68
9 25
64 32
2 100
65 60
42 19
42 43
3 51
27 4
63 26
98 87
50 80
71 14
85 62
52 60
91 21
95 6
48 38
48 25
36 49
35 47
73 27
98 9
20 21
75 60
70 73
36 83
25 91
2 41
32 49
35 47
64 79
51 84
12 53
90 62
95 97
88 88
47 32
41 42
66 20
62 17
81 99
99 92
83 74
63 22
19 48
88 5
15 25
64 93
12 99
93 85
60 92
31 11
36 68
95 42
30 32
57 93
92 3
79 6
50 40
5 60
56 84
65 1
99 93
92 14
65 84
64 64
35 15
91 99
87 81
8 13
63 6
13 29
44 98
29 81
10 97
62 49
63 93
81 8
26 11
76 15
62 54
9 44
83 69
10 17
93 31
33 95
34 49
28 85
81 38
39 44
36 50
17 63
33 53
20 34
61 33
77 48
68 43
31 69
89 22
11 21
45 21
84 95
10 65
16 41
86 29
26 97
59 62
34 35
66 26
98 23
31 45
30 21
91 90
34 91
64 34
66 51
52 95
10 62
73 87
75 97
88 15
79 70
37 93
60 48
33 79
63 90
85 59
58 26
42 80
86 62
41 98
31 67
53 17
28 44
3 38
19 4
86 86
48 36
79 95
25 72
18 29
63 53
94 13
67 74
41 12
87 69
44 65
10 49
37 88
48 61
33 42
75 3
21 80
51 34
91 21
8 98
75 34
42 30
55 13
76 98
17 58
37 5
56 80
55 64
28 22
16 33
91 80
55 86
8 77
2 78
65 46
1 1
33 69
12 14
23 18
53 86
38 38
36 34
49 50
2 65
57 18
11 87
24 94
51 65
68 3
51 10
53 7
49 78
63 11
85 65
75 89
82 74
47 53
48 20
52 47
67 24
32 9
8 52
73 95
7 4
65 60
45 51
30 7
10 45
75 58
70 78
47 77
31 21
93 78
38 30
53 31
50 1
3 81
17 24
1 44
79 90
2 99
96 86
60 70
89 69
17 81
41 87
30 98
48 73
67 65
64 38
95 99
68 7
19 61
45 39
29 39
75 93
55 13
16 36
100 56
46 44
18 64
71 62
8 92
97 28
98 15
92 82
15 34
51 44
47 90
100 69
37 35
83 39
10 5
49 96
66 14
18 40
74 68
37 8
23 64
26 35
94 39
44 75
5 52
44 94
52 83
54 53
60 85
75 37
24 59
39 60
93 23
27 22
60 100
41 1
37 13
63 34
30 57
18 97
11 98
12 62
81 36
