84
-999501364 22692834
-996350683 75289984
-991726576 111257025
-964111465 171852415
-940448013 223230933
-922478111 261968829
-890157167 326315009
-869800365 364654448
-826383572 445670813
-777987672 513958906
-771472218 522594237
-726225182 567200126
-704637025 583728878
-331824881 849654657
-270913539 892585491
-232411691 918880464
-184530507 943699679
-134065713 965673915
-86649173 984965835
-33286399 997040698
0 1000000000
22692834 999501364
75289984 996350683
111257025 991726576
171852415 964111465
223230933 940448013
261968829 922478111
326315009 890157167
364654448 869800365
445670813 826383572
513958906 777987672
522594237 771472218
567200126 726225182
583728878 704637025
849654657 331824881
892585491 270913539
918880464 232411691
943699679 184530507
965673915 134065713
984965835 86649173
997040698 33286399
1000000000 0
999501364 -22692834
996350683 -75289984
991726576 -111257025
964111465 -171852415
940448013 -223230933
922478111 -261968829
890157167 -326315009
869800365 -364654448
826383572 -445670813
777987672 -513958906
771472218 -522594237
726225182 -567200126
704637025 -583728878
331824881 -849654657
270913539 -892585491
232411691 -918880464
184530507 -943699679
134065713 -965673915
86649173 -984965835
33286399 -997040698
0 -1000000000
-22692834 -999501364
-75289984 -996350683
-111257025 -991726576
-171852415 -964111465
-223230933 -940448013
-261968829 -922478111
-326315009 -890157167
-364654448 -869800365
-445670813 -826383572
-513958906 -777987672
-522594237 -771472218
-567200126 -726225182
-583728878 -704637025
-849654657 -331824881
-892585491 -270913539
-918880464 -232411691
-943699679 -184530507
-965673915 -134065713
-984965835 -86649173
-997040698 -33286399
-1000000000 0
